UNITS=MM
#Layer_Color=9474304
#
#Feature symbol names
#
$0 r127
$1 r169.33164

#
#Feature attribute names
#

#
#Layer features
#
A -0.69200014 -17.10000136 -0.69200014 -17.10000136 -1.20000014 -17.10000136 1 P 0 N
A -6.15200192 -17.10000136 -6.15200192 -17.10000136 -6.66000192 -17.10000136 1 P 0 N
A -8.69200192 -17.10000136 -8.69200192 -17.10000136 -9.20000192 -17.10000136 1 P 0 N
A -13.59200228 -5.25999964 -13.59200228 -5.25999964 -14.10000228 -5.25999964 1 P 0 N
A -13.59200228 -7.79999964 -13.59200228 -7.79999964 -14.10000228 -7.79999964 1 P 0 N
A 1.84799986 -17.10000136 1.84799986 -17.10000136 1.33999986 -17.10000136 1 P 0 N
A 6.70799776 -17.10000136 6.70799776 -17.10000136 6.19999776 -17.10000136 1 P 0 N
A 9.24799776 -17.10000136 9.24799776 -17.10000136 8.73999776 -17.10000136 1 P 0 N
L -0.0580009 17.89200638 0.1959991 18.40000638 0 P 0
L -0.0580009 17.89200638 0.4499991 18.14600638 0 P 0
L -0.0580009 18.90800638 0.1959991 18.40000638 0 P 0
L -0.0580009 18.90800638 0.4499991 18.65400638 0 P 0
L -0.54600094 15.9000063 -0.29200094 15.3920063 0 P 0
L -0.54600094 15.9000063 -0.29200094 16.4080063 0 P 0
L -0.57100216 -8.6710012 -0.31700216 -8.6710012 0 P 0
L -0.57100216 -8.9250012 -0.31700216 -8.6710012 0 P 0
L -0.57100216 -8.9250012 -0.31700216 -9.1790012 0 P 0
L -0.57100216 -9.1790012 -0.31700216 -9.1790012 0 P 0
L -0.80000094 15.6460063 -0.29200094 15.3920063 0 P 0
L -0.80000094 16.1540063 -0.29200094 16.4080063 0 P 0
L -0.82500216 -8.4170012 -0.57100216 -8.6710012 0 P 0
L -0.82500216 -9.4330012 -0.57100216 -9.1790012 0 P 0
L -0.99200208 7.99199824 -0.99200208 9.00799824 0 P 0
L -1.07900216 -8.6710012 -0.82500216 -8.4170012 0 P 0
L -1.07900216 -9.1790012 -0.82500216 -9.4330012 0 P 0
L -1.20000014 -20.14800136 -0.69200014 -19.13200136 0 P 0
L -1.30800094 15.3920063 -0.80000094 15.6460063 0 P 0
L -1.30800094 15.3920063 -1.05400094 15.9000063 0 P 0
L -1.30800094 16.4080063 -0.80000094 16.1540063 0 P 0
L -1.30800094 16.4080063 -1.05400094 15.9000063 0 P 0
L -1.33300216 -8.6710012 -1.07900216 -8.6710012 0 P 0
L -1.33300216 -8.6710012 -1.07900216 -8.9250012 0 P 0
L -1.33300216 -9.1790012 -1.07900216 -8.9250012 0 P 0
L -1.33300216 -9.1790012 -1.07900216 -9.1790012 0 P 0
L -1.70800014 -19.13200136 -0.69200014 -19.13200136 0 P 0
L -1.70800014 -19.13200136 -1.20000014 -20.14800136 0 P 0
L -1.79600098 13.40000622 -1.54200098 12.89200622 0 P 0
L -1.79600098 13.40000622 -1.54200098 13.90800622 0 P 0
L -1.79600098 18.40000638 -1.54200098 17.89200638 0 P 0
L -1.79600098 18.40000638 -1.54200098 18.90800638 0 P 0
L -2.00800208 7.99199824 -0.99200208 7.99199824 0 P 0
L -2.00800208 7.99199824 -2.00800208 9.00799824 0 P 0
L -2.00800208 9.00799824 -0.99200208 9.00799824 0 P 0
L -2.05000098 13.14600622 -1.54200098 12.89200622 0 P 0
L -2.05000098 13.65400622 -1.54200098 13.90800622 0 P 0
L -2.05000098 18.14600638 -1.54200098 17.89200638 0 P 0
L -2.05000098 18.65400638 -1.54200098 18.90800638 0 P 0
L -2.55800098 12.89200622 -2.05000098 13.14600622 0 P 0
L -2.55800098 12.89200622 -2.30400098 13.40000622 0 P 0
L -2.55800098 13.90800622 -2.05000098 13.65400622 0 P 0
L -2.55800098 13.90800622 -2.30400098 13.40000622 0 P 0
L -2.55800098 17.89200638 -2.05000098 18.14600638 0 P 0
L -2.55800098 17.89200638 -2.30400098 18.40000638 0 P 0
L -2.55800098 18.90800638 -2.05000098 18.65400638 0 P 0
L -2.55800098 18.90800638 -2.30400098 18.40000638 0 P 0
L -3.04600102 -19.09999482 -2.79200102 -18.59199482 0 P 0
L -3.04600102 -19.09999482 -2.79200102 -19.60799482 0 P 0
L -3.04600102 15.9000063 -2.79200102 15.3920063 0 P 0
L -3.04600102 15.9000063 -2.79200102 16.4080063 0 P 0
L -3.30000102 -18.84599482 -2.79200102 -18.59199482 0 P 0
L -3.30000102 -19.35399482 -2.79200102 -19.60799482 0 P 0
L -3.30000102 15.6460063 -2.79200102 15.3920063 0 P 0
L -3.30000102 16.1540063 -2.79200102 16.4080063 0 P 0
L -3.39600032 -13.0999992 -3.14200032 -12.5919992 0 P 0
L -3.39600032 -13.0999992 -3.14200032 -13.6079992 0 P 0
L -3.39600286 -13.60000074 -3.14200286 -13.09200074 0 P 0
L -3.39600286 -13.60000074 -3.14200286 -14.10800074 0 P 0
L -3.53200208 7.99199824 -3.53200208 9.00799824 0 P 0
L -3.65000032 -12.8459992 -3.14200032 -12.5919992 0 P 0
L -3.65000032 -13.3539992 -3.14200032 -13.6079992 0 P 0
L -3.65000286 -13.34600074 -3.14200286 -13.09200074 0 P 0
L -3.65000286 -13.85400074 -3.14200286 -14.10800074 0 P 0
L -3.80800102 -18.59199482 -3.30000102 -18.84599482 0 P 0
L -3.80800102 -18.59199482 -3.55400102 -19.09999482 0 P 0
L -3.80800102 -19.60799482 -3.30000102 -19.35399482 0 P 0
L -3.80800102 -19.60799482 -3.55400102 -19.09999482 0 P 0
L -3.80800102 15.3920063 -3.30000102 15.6460063 0 P 0
L -3.80800102 15.3920063 -3.55400102 15.9000063 0 P 0
L -3.80800102 16.4080063 -3.30000102 16.1540063 0 P 0
L -3.80800102 16.4080063 -3.55400102 15.9000063 0 P 0
L -3.89599932 -13.0999992 -3.64199932 -12.5919992 0 P 0
L -3.89599932 -13.0999992 -3.64199932 -13.6079992 0 P 0
L -3.89600186 -13.60000074 -3.64200186 -13.09200074 0 P 0
L -3.89600186 -13.60000074 -3.64200186 -14.10800074 0 P 0
L -4.14999932 -12.8459992 -3.64199932 -12.5919992 0 P 0
L -4.14999932 -13.3539992 -3.64199932 -13.6079992 0 P 0
L -4.15000186 -13.34600074 -3.64200186 -13.09200074 0 P 0
L -4.15000186 -13.85400074 -3.64200186 -14.10800074 0 P 0
L -4.15800032 -12.5919992 -3.65000032 -12.8459992 0 P 0
L -4.15800032 -12.5919992 -3.90400032 -13.0999992 0 P 0
L -4.15800032 -13.6079992 -3.65000032 -13.3539992 0 P 0
L -4.15800032 -13.6079992 -3.90400032 -13.0999992 0 P 0
L -4.15800286 -13.09200074 -3.65000286 -13.34600074 0 P 0
L -4.15800286 -13.09200074 -3.90400286 -13.60000074 0 P 0
L -4.15800286 -14.10800074 -3.65000286 -13.85400074 0 P 0
L -4.15800286 -14.10800074 -3.90400286 -13.60000074 0 P 0
L -4.29600106 -16.59999474 -4.04200106 -16.09199474 0 P 0
L -4.29600106 -16.59999474 -4.04200106 -17.10799474 0 P 0
L -4.29600106 13.40000622 -4.04200106 12.89200622 0 P 0
L -4.29600106 13.40000622 -4.04200106 13.90800622 0 P 0
L -4.29600106 18.40000638 -4.04200106 17.89200638 0 P 0
L -4.29600106 18.40000638 -4.04200106 18.90800638 0 P 0
L -4.39599832 -13.0999992 -4.14199832 -12.5919992 0 P 0
L -4.39599832 -13.0999992 -4.14199832 -13.6079992 0 P 0
L -4.39600086 -13.60000074 -4.14200086 -13.09200074 0 P 0
L -4.39600086 -13.60000074 -4.14200086 -14.10800074 0 P 0
L -4.54800208 7.99199824 -3.53200208 7.99199824 0 P 0
L -4.54800208 7.99199824 -4.54800208 9.00799824 0 P 0
L -4.54800208 9.00799824 -3.53200208 9.00799824 0 P 0
L -4.55000106 -16.34599474 -4.04200106 -16.09199474 0 P 0
L -4.55000106 -16.85399474 -4.04200106 -17.10799474 0 P 0
L -4.55000106 13.14600622 -4.04200106 12.89200622 0 P 0
L -4.55000106 13.65400622 -4.04200106 13.90800622 0 P 0
L -4.55000106 18.14600638 -4.04200106 17.89200638 0 P 0
L -4.55000106 18.65400638 -4.04200106 18.90800638 0 P 0
L -4.64999832 -12.8459992 -4.14199832 -12.5919992 0 P 0
L -4.64999832 -13.3539992 -4.14199832 -13.6079992 0 P 0
L -4.65000086 -13.34600074 -4.14200086 -13.09200074 0 P 0
L -4.65000086 -13.85400074 -4.14200086 -14.10800074 0 P 0
L -4.65799932 -12.5919992 -4.14999932 -12.8459992 0 P 0
L -4.65799932 -12.5919992 -4.40399932 -13.0999992 0 P 0
L -4.65799932 -13.6079992 -4.14999932 -13.3539992 0 P 0
L -4.65799932 -13.6079992 -4.40399932 -13.0999992 0 P 0
L -4.65800186 -13.09200074 -4.15000186 -13.34600074 0 P 0
L -4.65800186 -13.09200074 -4.40400186 -13.60000074 0 P 0
L -4.65800186 -14.10800074 -4.15000186 -13.85400074 0 P 0
L -4.65800186 -14.10800074 -4.40400186 -13.60000074 0 P 0
L -5.05800106 -16.09199474 -4.55000106 -16.34599474 0 P 0
L -5.05800106 -16.09199474 -4.80400106 -16.59999474 0 P 0
L -5.05800106 -17.10799474 -4.55000106 -16.85399474 0 P 0
L -5.05800106 -17.10799474 -4.80400106 -16.59999474 0 P 0
L -5.05800106 12.89200622 -4.55000106 13.14600622 0 P 0
L -5.05800106 12.89200622 -4.80400106 13.40000622 0 P 0
L -5.05800106 13.90800622 -4.55000106 13.65400622 0 P 0
L -5.05800106 13.90800622 -4.80400106 13.40000622 0 P 0
L -5.05800106 17.89200638 -4.55000106 18.14600638 0 P 0
L -5.05800106 17.89200638 -4.80400106 18.40000638 0 P 0
L -5.05800106 18.90800638 -4.55000106 18.65400638 0 P 0
L -5.05800106 18.90800638 -4.80400106 18.40000638 0 P 0
L -5.15799832 -12.5919992 -4.64999832 -12.8459992 0 P 0
L -5.15799832 -12.5919992 -4.90399832 -13.0999992 0 P 0
L -5.15799832 -13.6079992 -4.64999832 -13.3539992 0 P 0
L -5.15799832 -13.6079992 -4.90399832 -13.0999992 0 P 0
L -5.15800086 -13.09200074 -4.65000086 -13.34600074 0 P 0
L -5.15800086 -13.09200074 -4.90400086 -13.60000074 0 P 0
L -5.15800086 -14.10800074 -4.65000086 -13.85400074 0 P 0
L -5.15800086 -14.10800074 -4.90400086 -13.60000074 0 P 0
L -5.5460011 15.9000063 -5.2920011 15.3920063 0 P 0
L -5.5460011 15.9000063 -5.2920011 16.4080063 0 P 0
L -5.8000011 15.6460063 -5.2920011 15.3920063 0 P 0
L -5.8000011 16.1540063 -5.2920011 16.4080063 0 P 0
L -6.07200208 7.99199824 -6.07200208 9.00799824 0 P 0
L -6.3080011 15.3920063 -5.8000011 15.6460063 0 P 0
L -6.3080011 15.3920063 -6.0540011 15.9000063 0 P 0
L -6.3080011 16.4080063 -5.8000011 16.1540063 0 P 0
L -6.3080011 16.4080063 -6.0540011 15.9000063 0 P 0
L -6.66000192 -20.14800136 -6.15200192 -19.13200136 0 P 0
L -6.79600114 13.40000622 -6.54200114 12.89200622 0 P 0
L -6.79600114 13.40000622 -6.54200114 13.90800622 0 P 0
L -6.79600114 18.40000638 -6.54200114 17.89200638 0 P 0
L -6.79600114 18.40000638 -6.54200114 18.90800638 0 P 0
L -7.05000114 13.14600622 -6.54200114 12.89200622 0 P 0
L -7.05000114 13.65400622 -6.54200114 13.90800622 0 P 0
L -7.05000114 18.14600638 -6.54200114 17.89200638 0 P 0
L -7.05000114 18.65400638 -6.54200114 18.90800638 0 P 0
L -7.08800208 7.99199824 -6.07200208 7.99199824 0 P 0
L -7.08800208 7.99199824 -7.08800208 9.00799824 0 P 0
L -7.08800208 9.00799824 -6.07200208 9.00799824 0 P 0
L -7.16800192 -19.13200136 -6.15200192 -19.13200136 0 P 0
L -7.16800192 -19.13200136 -6.66000192 -20.14800136 0 P 0
L -7.55800114 12.89200622 -7.05000114 13.14600622 0 P 0
L -7.55800114 12.89200622 -7.30400114 13.40000622 0 P 0
L -7.55800114 13.90800622 -7.05000114 13.65400622 0 P 0
L -7.55800114 13.90800622 -7.30400114 13.40000622 0 P 0
L -7.55800114 17.89200638 -7.05000114 18.14600638 0 P 0
L -7.55800114 17.89200638 -7.30400114 18.40000638 0 P 0
L -7.55800114 18.90800638 -7.05000114 18.65400638 0 P 0
L -7.55800114 18.90800638 -7.30400114 18.40000638 0 P 0
L -8.04600118 15.9000063 -7.79200118 15.3920063 0 P 0
L -8.04600118 15.9000063 -7.79200118 16.4080063 0 P 0
L -8.30000118 15.6460063 -7.79200118 15.3920063 0 P 0
L -8.30000118 16.1540063 -7.79200118 16.4080063 0 P 0
L -8.80800118 15.3920063 -8.30000118 15.6460063 0 P 0
L -8.80800118 15.3920063 -8.55400118 15.9000063 0 P 0
L -8.80800118 16.4080063 -8.30000118 16.1540063 0 P 0
L -8.80800118 16.4080063 -8.55400118 15.9000063 0 P 0
L -9.20000192 -20.14800136 -8.69200192 -19.13200136 0 P 0
L -9.29600122 -11.59999458 -9.04200122 -11.09199458 0 P 0
L -9.29600122 -11.59999458 -9.04200122 -12.10799458 0 P 0
L -9.29600122 13.40000622 -9.04200122 12.89200622 0 P 0
L -9.29600122 13.40000622 -9.04200122 13.90800622 0 P 0
L -9.29600122 18.40000638 -9.04200122 17.89200638 0 P 0
L -9.29600122 18.40000638 -9.04200122 18.90800638 0 P 0
L -9.55000122 -11.34599458 -9.04200122 -11.09199458 0 P 0
L -9.55000122 -11.85399458 -9.04200122 -12.10799458 0 P 0
L -9.55000122 13.14600622 -9.04200122 12.89200622 0 P 0
L -9.55000122 13.65400622 -9.04200122 13.90800622 0 P 0
L -9.55000122 18.14600638 -9.04200122 17.89200638 0 P 0
L -9.55000122 18.65400638 -9.04200122 18.90800638 0 P 0
L -9.70800192 -19.13200136 -8.69200192 -19.13200136 0 P 0
L -9.70800192 -19.13200136 -9.20000192 -20.14800136 0 P 0
L -10.05800122 -11.09199458 -9.55000122 -11.34599458 0 P 0
L -10.05800122 -11.09199458 -9.80400122 -11.59999458 0 P 0
L -10.05800122 -12.10799458 -9.55000122 -11.85399458 0 P 0
L -10.05800122 -12.10799458 -9.80400122 -11.59999458 0 P 0
L -10.05800122 12.89200622 -9.55000122 13.14600622 0 P 0
L -10.05800122 12.89200622 -9.80400122 13.40000622 0 P 0
L -10.05800122 13.90800622 -9.55000122 13.65400622 0 P 0
L -10.05800122 13.90800622 -9.80400122 13.40000622 0 P 0
L -10.05800122 17.89200638 -9.55000122 18.14600638 0 P 0
L -10.05800122 17.89200638 -9.80400122 18.40000638 0 P 0
L -10.05800122 18.90800638 -9.55000122 18.65400638 0 P 0
L -10.05800122 18.90800638 -9.80400122 18.40000638 0 P 0
L -10.34600166 6.4459993 -10.09200166 6.4459993 0 P 0
L -10.34600166 6.6999993 -10.09200166 6.4459993 0 P 0
L -10.34600166 6.6999993 -10.09200166 6.9539993 0 P 0
L -10.34600166 6.9539993 -10.09200166 6.9539993 0 P 0
L -10.54600126 -14.09999466 -10.29200126 -13.59199466 0 P 0
L -10.54600126 -14.09999466 -10.29200126 -14.60799466 0 P 0
L -10.54600126 -19.09999482 -10.29200126 -18.59199482 0 P 0
L -10.54600126 -19.09999482 -10.29200126 -19.60799482 0 P 0
L -10.54600126 15.9000063 -10.29200126 15.3920063 0 P 0
L -10.54600126 15.9000063 -10.29200126 16.4080063 0 P 0
L -10.60000166 6.1919993 -10.34600166 6.4459993 0 P 0
L -10.60000166 7.2079993 -10.34600166 6.9539993 0 P 0
L -10.80000126 -13.84599466 -10.29200126 -13.59199466 0 P 0
L -10.80000126 -14.35399466 -10.29200126 -14.60799466 0 P 0
L -10.80000126 -18.84599482 -10.29200126 -18.59199482 0 P 0
L -10.80000126 -19.35399482 -10.29200126 -19.60799482 0 P 0
L -10.80000126 15.6460063 -10.29200126 15.3920063 0 P 0
L -10.80000126 16.1540063 -10.29200126 16.4080063 0 P 0
L -10.85400166 6.4459993 -10.60000166 6.1919993 0 P 0
L -10.85400166 6.9539993 -10.60000166 7.2079993 0 P 0
L -10.9920024 7.99199824 -10.9920024 9.00799824 0 P 0
L -11.0460028 5.74599816 -10.7920028 5.74599816 0 P 0
L -11.0460028 5.99999816 -10.7920028 5.74599816 0 P 0
L -11.0460028 5.99999816 -10.7920028 6.25399816 0 P 0
L -11.0460028 6.25399816 -10.7920028 6.25399816 0 P 0
L -11.10800166 6.4459993 -10.85400166 6.4459993 0 P 0
L -11.10800166 6.4459993 -10.85400166 6.6999993 0 P 0
L -11.10800166 6.9539993 -10.85400166 6.6999993 0 P 0
L -11.10800166 6.9539993 -10.85400166 6.9539993 0 P 0
L -11.3000028 5.49199816 -11.0460028 5.74599816 0 P 0
L -11.3000028 6.50799816 -11.0460028 6.25399816 0 P 0
L -11.30800126 -13.59199466 -10.80000126 -13.84599466 0 P 0
L -11.30800126 -13.59199466 -11.05400126 -14.09999466 0 P 0
L -11.30800126 -14.60799466 -10.80000126 -14.35399466 0 P 0
L -11.30800126 -14.60799466 -11.05400126 -14.09999466 0 P 0
L -11.30800126 -18.59199482 -10.80000126 -18.84599482 0 P 0
L -11.30800126 -18.59199482 -11.05400126 -19.09999482 0 P 0
L -11.30800126 -19.60799482 -10.80000126 -19.35399482 0 P 0
L -11.30800126 -19.60799482 -11.05400126 -19.09999482 0 P 0
L -11.30800126 15.3920063 -10.80000126 15.6460063 0 P 0
L -11.30800126 15.3920063 -11.05400126 15.9000063 0 P 0
L -11.30800126 16.4080063 -10.80000126 16.1540063 0 P 0
L -11.30800126 16.4080063 -11.05400126 15.9000063 0 P 0
L -11.5540028 5.74599816 -11.3000028 5.49199816 0 P 0
L -11.5540028 6.25399816 -11.3000028 6.50799816 0 P 0
L -11.74599378 2.24600008 -11.49199378 2.24600008 0 P 0
L -11.74599378 2.50000008 -11.49199378 2.24600008 0 P 0
L -11.74599378 2.50000008 -11.49199378 2.75400008 0 P 0
L -11.74599378 2.75400008 -11.49199378 2.75400008 0 P 0
L -11.74599886 3.64599982 -11.49199886 3.64599982 0 P 0
L -11.74599886 3.89999982 -11.49199886 3.64599982 0 P 0
L -11.74599886 3.89999982 -11.49199886 4.15399982 0 P 0
L -11.74599886 4.15399982 -11.49199886 4.15399982 0 P 0
L -11.74600394 5.04599956 -11.49200394 5.04599956 0 P 0
L -11.74600394 5.29999956 -11.49200394 5.04599956 0 P 0
L -11.74600394 5.29999956 -11.49200394 5.55399956 0 P 0
L -11.74600394 5.55399956 -11.49200394 5.55399956 0 P 0
L -11.74600394 6.4459993 -11.49200394 6.4459993 0 P 0
L -11.74600394 6.6999993 -11.49200394 6.4459993 0 P 0
L -11.74600394 6.6999993 -11.49200394 6.9539993 0 P 0
L -11.74600394 6.9539993 -11.49200394 6.9539993 0 P 0
L -11.7960013 -11.59999458 -11.5420013 -11.09199458 0 P 0
L -11.7960013 -11.59999458 -11.5420013 -12.10799458 0 P 0
L -11.7960013 -16.59999474 -11.5420013 -16.09199474 0 P 0
L -11.7960013 -16.59999474 -11.5420013 -17.10799474 0 P 0
L -11.7960013 13.40000622 -11.5420013 12.89200622 0 P 0
L -11.7960013 13.40000622 -11.5420013 13.90800622 0 P 0
L -11.7960013 18.40000638 -11.5420013 17.89200638 0 P 0
L -11.7960013 18.40000638 -11.5420013 18.90800638 0 P 0
L -11.8080028 5.74599816 -11.5540028 5.74599816 0 P 0
L -11.8080028 5.74599816 -11.5540028 5.99999816 0 P 0
L -11.8080028 6.25399816 -11.5540028 5.99999816 0 P 0
L -11.8080028 6.25399816 -11.5540028 6.25399816 0 P 0
L -11.99999378 1.99200008 -11.74599378 2.24600008 0 P 0
L -11.99999378 3.00800008 -11.74599378 2.75400008 0 P 0
L -11.99999886 3.39199982 -11.74599886 3.64599982 0 P 0
L -11.99999886 4.40799982 -11.74599886 4.15399982 0 P 0
L -12.00000394 4.79199956 -11.74600394 5.04599956 0 P 0
L -12.00000394 5.80799956 -11.74600394 5.55399956 0 P 0
L -12.00000394 6.1919993 -11.74600394 6.4459993 0 P 0
L -12.00000394 7.2079993 -11.74600394 6.9539993 0 P 0
L -12.0080024 7.99199824 -10.9920024 7.99199824 0 P 0
L -12.0080024 7.99199824 -12.0080024 9.00799824 0 P 0
L -12.0080024 9.00799824 -10.9920024 9.00799824 0 P 0
L -12.0500013 -11.34599458 -11.5420013 -11.09199458 0 P 0
L -12.0500013 -11.85399458 -11.5420013 -12.10799458 0 P 0
L -12.0500013 -16.34599474 -11.5420013 -16.09199474 0 P 0
L -12.0500013 -16.85399474 -11.5420013 -17.10799474 0 P 0
L -12.0500013 13.14600622 -11.5420013 12.89200622 0 P 0
L -12.0500013 13.65400622 -11.5420013 13.90800622 0 P 0
L -12.0500013 18.14600638 -11.5420013 17.89200638 0 P 0
L -12.0500013 18.65400638 -11.5420013 18.90800638 0 P 0
L -12.25399378 2.24600008 -11.99999378 1.99200008 0 P 0
L -12.25399378 2.75400008 -11.99999378 3.00800008 0 P 0
L -12.25399886 3.64599982 -11.99999886 3.39199982 0 P 0
L -12.25399886 4.15399982 -11.99999886 4.40799982 0 P 0
L -12.25400394 5.04599956 -12.00000394 4.79199956 0 P 0
L -12.25400394 5.55399956 -12.00000394 5.80799956 0 P 0
L -12.25400394 6.4459993 -12.00000394 6.1919993 0 P 0
L -12.25400394 6.9539993 -12.00000394 7.2079993 0 P 0
L -12.44600254 5.74599816 -12.19200254 5.74599816 0 P 0
L -12.44600254 5.99999816 -12.19200254 5.74599816 0 P 0
L -12.44600254 5.99999816 -12.19200254 6.25399816 0 P 0
L -12.44600254 6.25399816 -12.19200254 6.25399816 0 P 0
L -12.50799378 2.24600008 -12.25399378 2.24600008 0 P 0
L -12.50799378 2.24600008 -12.25399378 2.50000008 0 P 0
L -12.50799378 2.75400008 -12.25399378 2.50000008 0 P 0
L -12.50799378 2.75400008 -12.25399378 2.75400008 0 P 0
L -12.50799886 3.64599982 -12.25399886 3.64599982 0 P 0
L -12.50799886 3.64599982 -12.25399886 3.89999982 0 P 0
L -12.50799886 4.15399982 -12.25399886 3.89999982 0 P 0
L -12.50799886 4.15399982 -12.25399886 4.15399982 0 P 0
L -12.50800394 5.04599956 -12.25400394 5.04599956 0 P 0
L -12.50800394 5.04599956 -12.25400394 5.29999956 0 P 0
L -12.50800394 5.55399956 -12.25400394 5.29999956 0 P 0
L -12.50800394 5.55399956 -12.25400394 5.55399956 0 P 0
L -12.50800394 6.4459993 -12.25400394 6.4459993 0 P 0
L -12.50800394 6.4459993 -12.25400394 6.6999993 0 P 0
L -12.50800394 6.9539993 -12.25400394 6.6999993 0 P 0
L -12.50800394 6.9539993 -12.25400394 6.9539993 0 P 0
L -12.5580013 -11.09199458 -12.0500013 -11.34599458 0 P 0
L -12.5580013 -11.09199458 -12.3040013 -11.59999458 0 P 0
L -12.5580013 -12.10799458 -12.0500013 -11.85399458 0 P 0
L -12.5580013 -12.10799458 -12.3040013 -11.59999458 0 P 0
L -12.5580013 -16.09199474 -12.0500013 -16.34599474 0 P 0
L -12.5580013 -16.09199474 -12.3040013 -16.59999474 0 P 0
L -12.5580013 -17.10799474 -12.0500013 -16.85399474 0 P 0
L -12.5580013 -17.10799474 -12.3040013 -16.59999474 0 P 0
L -12.5580013 12.89200622 -12.0500013 13.14600622 0 P 0
L -12.5580013 12.89200622 -12.3040013 13.40000622 0 P 0
L -12.5580013 13.90800622 -12.0500013 13.65400622 0 P 0
L -12.5580013 13.90800622 -12.3040013 13.40000622 0 P 0
L -12.5580013 17.89200638 -12.0500013 18.14600638 0 P 0
L -12.5580013 17.89200638 -12.3040013 18.40000638 0 P 0
L -12.5580013 18.90800638 -12.0500013 18.65400638 0 P 0
L -12.5580013 18.90800638 -12.3040013 18.40000638 0 P 0
L -12.70000254 5.49199816 -12.44600254 5.74599816 0 P 0
L -12.70000254 6.50799816 -12.44600254 6.25399816 0 P 0
L -12.95400254 5.74599816 -12.70000254 5.49199816 0 P 0
L -12.95400254 6.25399816 -12.70000254 6.50799816 0 P 0
L -13.04600134 -14.09999466 -12.79200134 -13.59199466 0 P 0
L -13.04600134 -14.09999466 -12.79200134 -14.60799466 0 P 0
L -13.04600134 -19.09999482 -12.79200134 -18.59199482 0 P 0
L -13.04600134 -19.09999482 -12.79200134 -19.60799482 0 P 0
L -13.04600134 15.9000063 -12.79200134 15.3920063 0 P 0
L -13.04600134 15.9000063 -12.79200134 16.4080063 0 P 0
L -13.14600114 3.64599982 -12.89200114 3.64599982 0 P 0
L -13.14600114 3.89999982 -12.89200114 3.64599982 0 P 0
L -13.14600114 3.89999982 -12.89200114 4.15399982 0 P 0
L -13.14600114 4.15399982 -12.89200114 4.15399982 0 P 0
L -13.14600114 5.04599956 -12.89200114 5.04599956 0 P 0
L -13.14600114 5.29999956 -12.89200114 5.04599956 0 P 0
L -13.14600114 5.29999956 -12.89200114 5.55399956 0 P 0
L -13.14600114 5.55399956 -12.89200114 5.55399956 0 P 0
L -13.20800254 5.74599816 -12.95400254 5.74599816 0 P 0
L -13.20800254 5.74599816 -12.95400254 5.99999816 0 P 0
L -13.20800254 6.25399816 -12.95400254 5.99999816 0 P 0
L -13.20800254 6.25399816 -12.95400254 6.25399816 0 P 0
L -13.30000134 -13.84599466 -12.79200134 -13.59199466 0 P 0
L -13.30000134 -14.35399466 -12.79200134 -14.60799466 0 P 0
L -13.30000134 -18.84599482 -12.79200134 -18.59199482 0 P 0
L -13.30000134 -19.35399482 -12.79200134 -19.60799482 0 P 0
L -13.30000134 15.6460063 -12.79200134 15.3920063 0 P 0
L -13.30000134 16.1540063 -12.79200134 16.4080063 0 P 0
L -13.40000114 3.39199982 -13.14600114 3.64599982 0 P 0
L -13.40000114 4.40799982 -13.14600114 4.15399982 0 P 0
L -13.40000114 4.79199956 -13.14600114 5.04599956 0 P 0
L -13.40000114 5.80799956 -13.14600114 5.55399956 0 P 0
L -13.5320024 7.99199824 -13.5320024 9.00799824 0 P 0
L -13.65400114 3.64599982 -13.40000114 3.39199982 0 P 0
L -13.65400114 4.15399982 -13.40000114 4.40799982 0 P 0
L -13.65400114 5.04599956 -13.40000114 4.79199956 0 P 0
L -13.65400114 5.55399956 -13.40000114 5.80799956 0 P 0
L -13.80800134 -13.59199466 -13.30000134 -13.84599466 0 P 0
L -13.80800134 -13.59199466 -13.55400134 -14.09999466 0 P 0
L -13.80800134 -14.60799466 -13.30000134 -14.35399466 0 P 0
L -13.80800134 -14.60799466 -13.55400134 -14.09999466 0 P 0
L -13.80800134 -18.59199482 -13.30000134 -18.84599482 0 P 0
L -13.80800134 -18.59199482 -13.55400134 -19.09999482 0 P 0
L -13.80800134 -19.60799482 -13.30000134 -19.35399482 0 P 0
L -13.80800134 -19.60799482 -13.55400134 -19.09999482 0 P 0
L -13.80800134 15.3920063 -13.30000134 15.6460063 0 P 0
L -13.80800134 15.3920063 -13.55400134 15.9000063 0 P 0
L -13.80800134 16.4080063 -13.30000134 16.1540063 0 P 0
L -13.80800134 16.4080063 -13.55400134 15.9000063 0 P 0
L -13.84600228 1.5459964 -13.59200228 1.5459964 0 P 0
L -13.84600228 1.7999964 -13.59200228 1.5459964 0 P 0
L -13.84600228 1.7999964 -13.59200228 2.0539964 0 P 0
L -13.84600228 2.0539964 -13.59200228 2.0539964 0 P 0
L -13.84600228 2.94599868 -13.59200228 2.94599868 0 P 0
L -13.84600228 3.19999868 -13.59200228 2.94599868 0 P 0
L -13.84600228 3.19999868 -13.59200228 3.45399868 0 P 0
L -13.84600228 3.45399868 -13.59200228 3.45399868 0 P 0
L -13.84600228 4.34600096 -13.59200228 4.34600096 0 P 0
L -13.84600228 4.60000096 -13.59200228 4.34600096 0 P 0
L -13.84600228 4.60000096 -13.59200228 4.85400096 0 P 0
L -13.84600228 4.85400096 -13.59200228 4.85400096 0 P 0
L -13.90800114 3.64599982 -13.65400114 3.64599982 0 P 0
L -13.90800114 3.64599982 -13.65400114 3.89999982 0 P 0
L -13.90800114 4.15399982 -13.65400114 3.89999982 0 P 0
L -13.90800114 4.15399982 -13.65400114 4.15399982 0 P 0
L -13.90800114 5.04599956 -13.65400114 5.04599956 0 P 0
L -13.90800114 5.04599956 -13.65400114 5.29999956 0 P 0
L -13.90800114 5.55399956 -13.65400114 5.29999956 0 P 0
L -13.90800114 5.55399956 -13.65400114 5.55399956 0 P 0
L -14.10000228 1.2919964 -13.84600228 1.5459964 0 P 0
L -14.10000228 2.3079964 -13.84600228 2.0539964 0 P 0
L -14.10000228 2.69199868 -13.84600228 2.94599868 0 P 0
L -14.10000228 3.70799868 -13.84600228 3.45399868 0 P 0
L -14.10000228 4.09200096 -13.84600228 4.34600096 0 P 0
L -14.10000228 5.10800096 -13.84600228 4.85400096 0 P 0
L -14.29600138 -11.59999458 -14.04200138 -11.09199458 0 P 0
L -14.29600138 -11.59999458 -14.04200138 -12.10799458 0 P 0
L -14.29600138 -16.59999474 -14.04200138 -16.09199474 0 P 0
L -14.29600138 -16.59999474 -14.04200138 -17.10799474 0 P 0
L -14.29600138 13.40000622 -14.04200138 12.89200622 0 P 0
L -14.29600138 13.40000622 -14.04200138 13.90800622 0 P 0
L -14.29600138 18.40000638 -14.04200138 17.89200638 0 P 0
L -14.29600138 18.40000638 -14.04200138 18.90800638 0 P 0
L -14.35400228 1.5459964 -14.10000228 1.2919964 0 P 0
L -14.35400228 2.0539964 -14.10000228 2.3079964 0 P 0
L -14.35400228 2.94599868 -14.10000228 2.69199868 0 P 0
L -14.35400228 3.45399868 -14.10000228 3.70799868 0 P 0
L -14.35400228 4.34600096 -14.10000228 4.09200096 0 P 0
L -14.35400228 4.85400096 -14.10000228 5.10800096 0 P 0
L -14.5480024 7.99199824 -13.5320024 7.99199824 0 P 0
L -14.5480024 7.99199824 -14.5480024 9.00799824 0 P 0
L -14.5480024 9.00799824 -13.5320024 9.00799824 0 P 0
L -14.55000138 -11.34599458 -14.04200138 -11.09199458 0 P 0
L -14.55000138 -11.85399458 -14.04200138 -12.10799458 0 P 0
L -14.55000138 -16.34599474 -14.04200138 -16.09199474 0 P 0
L -14.55000138 -16.85399474 -14.04200138 -17.10799474 0 P 0
L -14.55000138 13.14600622 -14.04200138 12.89200622 0 P 0
L -14.55000138 13.65400622 -14.04200138 13.90800622 0 P 0
L -14.55000138 18.14600638 -14.04200138 17.89200638 0 P 0
L -14.55000138 18.65400638 -14.04200138 18.90800638 0 P 0
L -14.60800228 1.5459964 -14.35400228 1.5459964 0 P 0
L -14.60800228 1.5459964 -14.35400228 1.7999964 0 P 0
L -14.60800228 2.0539964 -14.35400228 1.7999964 0 P 0
L -14.60800228 2.0539964 -14.35400228 2.0539964 0 P 0
L -14.60800228 2.94599868 -14.35400228 2.94599868 0 P 0
L -14.60800228 2.94599868 -14.35400228 3.19999868 0 P 0
L -14.60800228 3.45399868 -14.35400228 3.19999868 0 P 0
L -14.60800228 3.45399868 -14.35400228 3.45399868 0 P 0
L -14.60800228 4.34600096 -14.35400228 4.34600096 0 P 0
L -14.60800228 4.34600096 -14.35400228 4.60000096 0 P 0
L -14.60800228 4.85400096 -14.35400228 4.60000096 0 P 0
L -14.60800228 4.85400096 -14.35400228 4.85400096 0 P 0
L -15.05800138 -11.09199458 -14.55000138 -11.34599458 0 P 0
L -15.05800138 -11.09199458 -14.80400138 -11.59999458 0 P 0
L -15.05800138 -12.10799458 -14.55000138 -11.85399458 0 P 0
L -15.05800138 -12.10799458 -14.80400138 -11.59999458 0 P 0
L -15.05800138 -16.09199474 -14.55000138 -16.34599474 0 P 0
L -15.05800138 -16.09199474 -14.80400138 -16.59999474 0 P 0
L -15.05800138 -17.10799474 -14.55000138 -16.85399474 0 P 0
L -15.05800138 -17.10799474 -14.80400138 -16.59999474 0 P 0
L -15.05800138 12.89200622 -14.55000138 13.14600622 0 P 0
L -15.05800138 12.89200622 -14.80400138 13.40000622 0 P 0
L -15.05800138 13.90800622 -14.55000138 13.65400622 0 P 0
L -15.05800138 13.90800622 -14.80400138 13.40000622 0 P 0
L -15.05800138 17.89200638 -14.55000138 18.14600638 0 P 0
L -15.05800138 17.89200638 -14.80400138 18.40000638 0 P 0
L -15.05800138 18.90800638 -14.55000138 18.65400638 0 P 0
L -15.05800138 18.90800638 -14.80400138 18.40000638 0 P 0
L -15.54600142 -14.09999466 -15.29200142 -13.59199466 0 P 0
L -15.54600142 -14.09999466 -15.29200142 -14.60799466 0 P 0
L -15.54600142 -19.09999482 -15.29200142 -18.59199482 0 P 0
L -15.54600142 -19.09999482 -15.29200142 -19.60799482 0 P 0
L -15.54600142 15.9000063 -15.29200142 15.3920063 0 P 0
L -15.54600142 15.9000063 -15.29200142 16.4080063 0 P 0
L -15.80000142 -13.84599466 -15.29200142 -13.59199466 0 P 0
L -15.80000142 -14.35399466 -15.29200142 -14.60799466 0 P 0
L -15.80000142 -18.84599482 -15.29200142 -18.59199482 0 P 0
L -15.80000142 -19.35399482 -15.29200142 -19.60799482 0 P 0
L -15.80000142 15.6460063 -15.29200142 15.3920063 0 P 0
L -15.80000142 16.1540063 -15.29200142 16.4080063 0 P 0
L -16.0720024 7.99199824 -16.0720024 9.00799824 0 P 0
L -16.30800142 -13.59199466 -15.80000142 -13.84599466 0 P 0
L -16.30800142 -13.59199466 -16.05400142 -14.09999466 0 P 0
L -16.30800142 -14.60799466 -15.80000142 -14.35399466 0 P 0
L -16.30800142 -14.60799466 -16.05400142 -14.09999466 0 P 0
L -16.30800142 -18.59199482 -15.80000142 -18.84599482 0 P 0
L -16.30800142 -18.59199482 -16.05400142 -19.09999482 0 P 0
L -16.30800142 -19.60799482 -15.80000142 -19.35399482 0 P 0
L -16.30800142 -19.60799482 -16.05400142 -19.09999482 0 P 0
L -16.30800142 15.3920063 -15.80000142 15.6460063 0 P 0
L -16.30800142 15.3920063 -16.05400142 15.9000063 0 P 0
L -16.30800142 16.4080063 -15.80000142 16.1540063 0 P 0
L -16.30800142 16.4080063 -16.05400142 15.9000063 0 P 0
L -16.64000228 -5.76799964 -16.13200228 -4.75199964 0 P 0
L -16.64000228 -8.30799964 -16.13200228 -7.29199964 0 P 0
L -17.0880024 7.99199824 -16.0720024 7.99199824 0 P 0
L -17.0880024 7.99199824 -17.0880024 9.00799824 0 P 0
L -17.0880024 9.00799824 -16.0720024 9.00799824 0 P 0
L -17.14800228 -4.75199964 -16.13200228 -4.75199964 0 P 0
L -17.14800228 -4.75199964 -16.64000228 -5.76799964 0 P 0
L -17.14800228 -7.29199964 -16.13200228 -7.29199964 0 P 0
L -17.14800228 -7.29199964 -16.64000228 -8.30799964 0 P 0
L 0.4499991 18.14600638 0.9579991 17.89200638 0 P 0
L 0.4499991 18.65400638 0.9579991 18.90800638 0 P 0
L 0.7039991 18.40000638 0.9579991 17.89200638 0 P 0
L 0.7039991 18.40000638 0.9579991 18.90800638 0 P 0
L 0.83199986 -19.13200136 1.33999986 -20.14800136 0 P 0
L 0.83199986 -19.13200136 1.84799986 -19.13200136 0 P 0
L 0.84199476 -8.30874132 1.09599476 -8.81674132 0 P 0
L 0.84199476 -8.30874132 1.34999476 -8.56274132 0 P 0
L 0.84199476 -9.32474132 1.09599476 -8.81674132 0 P 0
L 0.84199476 -9.32474132 1.34999476 -9.07074132 0 P 0
L 0.84199476 -10.2087426 1.09599476 -10.7167426 0 P 0
L 0.84199476 -10.2087426 1.34999476 -10.4627426 0 P 0
L 0.84199476 -11.2247426 1.09599476 -10.7167426 0 P 0
L 0.84199476 -11.2247426 1.34999476 -10.9707426 0 P 0
L 1.19199914 -13.59199466 1.44599914 -14.09999466 0 P 0
L 1.19199914 -13.59199466 1.69999914 -13.84599466 0 P 0
L 1.19199914 -14.60799466 1.44599914 -14.09999466 0 P 0
L 1.19199914 -14.60799466 1.69999914 -14.35399466 0 P 0
L 1.33999986 -20.14800136 1.84799986 -19.13200136 0 P 0
L 1.34999476 -8.56274132 1.85799476 -8.30874132 0 P 0
L 1.34999476 -9.07074132 1.85799476 -9.32474132 0 P 0
L 1.34999476 -10.4627426 1.85799476 -10.2087426 0 P 0
L 1.34999476 -10.9707426 1.85799476 -11.2247426 0 P 0
L 1.60399476 -8.81674132 1.85799476 -8.30874132 0 P 0
L 1.60399476 -8.81674132 1.85799476 -9.32474132 0 P 0
L 1.60399476 -10.7167426 1.85799476 -10.2087426 0 P 0
L 1.60399476 -10.7167426 1.85799476 -11.2247426 0 P 0
L 1.69999914 -13.84599466 2.20799914 -13.59199466 0 P 0
L 1.69999914 -14.35399466 2.20799914 -14.60799466 0 P 0
L 1.8419953 -8.30874132 2.0959953 -8.81674132 0 P 0
L 1.8419953 -8.30874132 2.3499953 -8.56274132 0 P 0
L 1.8419953 -9.32474132 2.0959953 -8.81674132 0 P 0
L 1.8419953 -9.32474132 2.3499953 -9.07074132 0 P 0
L 1.8419953 -10.2087426 2.0959953 -10.7167426 0 P 0
L 1.8419953 -10.2087426 2.3499953 -10.4627426 0 P 0
L 1.8419953 -11.2247426 2.0959953 -10.7167426 0 P 0
L 1.8419953 -11.2247426 2.3499953 -10.9707426 0 P 0
L 1.95399914 -14.09999466 2.20799914 -13.59199466 0 P 0
L 1.95399914 -14.09999466 2.20799914 -14.60799466 0 P 0
L 2.3499953 -8.56274132 2.8579953 -8.30874132 0 P 0
L 2.3499953 -9.07074132 2.8579953 -9.32474132 0 P 0
L 2.3499953 -10.4627426 2.8579953 -10.2087426 0 P 0
L 2.3499953 -10.9707426 2.8579953 -11.2247426 0 P 0
L 2.44199918 -11.09199458 2.69599918 -11.59999458 0 P 0
L 2.44199918 -11.09199458 2.94999918 -11.34599458 0 P 0
L 2.44199918 -12.10799458 2.69599918 -11.59999458 0 P 0
L 2.44199918 -12.10799458 2.94999918 -11.85399458 0 P 0
L 2.44199918 -16.09199474 2.69599918 -16.59999474 0 P 0
L 2.44199918 -16.09199474 2.94999918 -16.34599474 0 P 0
L 2.44199918 -17.10799474 2.69599918 -16.59999474 0 P 0
L 2.44199918 -17.10799474 2.94999918 -16.85399474 0 P 0
L 2.44199918 17.89200638 2.69599918 18.40000638 0 P 0
L 2.44199918 17.89200638 2.94999918 18.14600638 0 P 0
L 2.44199918 18.90800638 2.69599918 18.40000638 0 P 0
L 2.44199918 18.90800638 2.94999918 18.65400638 0 P 0
L 2.6039953 -8.81674132 2.8579953 -8.30874132 0 P 0
L 2.6039953 -8.81674132 2.8579953 -9.32474132 0 P 0
L 2.6039953 -10.7167426 2.8579953 -10.2087426 0 P 0
L 2.6039953 -10.7167426 2.8579953 -11.2247426 0 P 0
L 2.84199584 -8.30874132 3.09599584 -8.81674132 0 P 0
L 2.84199584 -8.30874132 3.34999584 -8.56274132 0 P 0
L 2.84199584 -9.32474132 3.09599584 -8.81674132 0 P 0
L 2.84199584 -9.32474132 3.34999584 -9.07074132 0 P 0
L 2.84199584 -10.2087426 3.09599584 -10.7167426 0 P 0
L 2.84199584 -10.2087426 3.34999584 -10.4627426 0 P 0
L 2.84199584 -11.2247426 3.09599584 -10.7167426 0 P 0
L 2.84199584 -11.2247426 3.34999584 -10.9707426 0 P 0
L 2.94999918 -11.34599458 3.45799918 -11.09199458 0 P 0
L 2.94999918 -11.85399458 3.45799918 -12.10799458 0 P 0
L 2.94999918 -16.34599474 3.45799918 -16.09199474 0 P 0
L 2.94999918 -16.85399474 3.45799918 -17.10799474 0 P 0
L 2.94999918 18.14600638 3.45799918 17.89200638 0 P 0
L 2.94999918 18.65400638 3.45799918 18.90800638 0 P 0
L 3.20399918 -11.59999458 3.45799918 -11.09199458 0 P 0
L 3.20399918 -11.59999458 3.45799918 -12.10799458 0 P 0
L 3.20399918 -16.59999474 3.45799918 -16.09199474 0 P 0
L 3.20399918 -16.59999474 3.45799918 -17.10799474 0 P 0
L 3.20399918 18.40000638 3.45799918 17.89200638 0 P 0
L 3.20399918 18.40000638 3.45799918 18.90800638 0 P 0
L 3.34999584 -8.56274132 3.85799584 -8.30874132 0 P 0
L 3.34999584 -9.07074132 3.85799584 -9.32474132 0 P 0
L 3.34999584 -10.4627426 3.85799584 -10.2087426 0 P 0
L 3.34999584 -10.9707426 3.85799584 -11.2247426 0 P 0
L 3.60399584 -8.81674132 3.85799584 -8.30874132 0 P 0
L 3.60399584 -8.81674132 3.85799584 -9.32474132 0 P 0
L 3.60399584 -10.7167426 3.85799584 -10.2087426 0 P 0
L 3.60399584 -10.7167426 3.85799584 -11.2247426 0 P 0
L 3.69199922 -13.59199466 3.94599922 -14.09999466 0 P 0
L 3.69199922 -13.59199466 4.19999922 -13.84599466 0 P 0
L 3.69199922 -14.60799466 3.94599922 -14.09999466 0 P 0
L 3.69199922 -14.60799466 4.19999922 -14.35399466 0 P 0
L 3.69199922 -18.59199482 3.94599922 -19.09999482 0 P 0
L 3.69199922 -18.59199482 4.19999922 -18.84599482 0 P 0
L 3.69199922 -19.60799482 3.94599922 -19.09999482 0 P 0
L 3.69199922 -19.60799482 4.19999922 -19.35399482 0 P 0
L 3.84199638 -8.30874132 4.09599638 -8.81674132 0 P 0
L 3.84199638 -8.30874132 4.34999638 -8.56274132 0 P 0
L 3.84199638 -9.32474132 4.09599638 -8.81674132 0 P 0
L 3.84199638 -9.32474132 4.34999638 -9.07074132 0 P 0
L 3.84199638 -10.2087426 4.09599638 -10.7167426 0 P 0
L 3.84199638 -10.2087426 4.34999638 -10.4627426 0 P 0
L 3.84199638 -11.2247426 4.09599638 -10.7167426 0 P 0
L 3.84199638 -11.2247426 4.34999638 -10.9707426 0 P 0
L 4.19999922 -13.84599466 4.70799922 -13.59199466 0 P 0
L 4.19999922 -14.35399466 4.70799922 -14.60799466 0 P 0
L 4.19999922 -18.84599482 4.70799922 -18.59199482 0 P 0
L 4.19999922 -19.35399482 4.70799922 -19.60799482 0 P 0
L 4.34999638 -8.56274132 4.85799638 -8.30874132 0 P 0
L 4.34999638 -9.07074132 4.85799638 -9.32474132 0 P 0
L 4.34999638 -10.4627426 4.85799638 -10.2087426 0 P 0
L 4.34999638 -10.9707426 4.85799638 -11.2247426 0 P 0
L 4.45399922 -14.09999466 4.70799922 -13.59199466 0 P 0
L 4.45399922 -14.09999466 4.70799922 -14.60799466 0 P 0
L 4.45399922 -19.09999482 4.70799922 -18.59199482 0 P 0
L 4.45399922 -19.09999482 4.70799922 -19.60799482 0 P 0
L 4.60399638 -8.81674132 4.85799638 -8.30874132 0 P 0
L 4.60399638 -8.81674132 4.85799638 -9.32474132 0 P 0
L 4.60399638 -10.7167426 4.85799638 -10.2087426 0 P 0
L 4.60399638 -10.7167426 4.85799638 -11.2247426 0 P 0
L 4.84199692 -8.30874132 5.09599692 -8.81674132 0 P 0
L 4.84199692 -8.30874132 5.34999692 -8.56274132 0 P 0
L 4.84199692 -9.32474132 5.09599692 -8.81674132 0 P 0
L 4.84199692 -9.32474132 5.34999692 -9.07074132 0 P 0
L 4.84199692 -10.2087426 5.09599692 -10.7167426 0 P 0
L 4.84199692 -10.2087426 5.34999692 -10.4627426 0 P 0
L 4.84199692 -11.2247426 5.09599692 -10.7167426 0 P 0
L 4.84199692 -11.2247426 5.34999692 -10.9707426 0 P 0
L 4.94199926 -11.09199458 5.19599926 -11.59999458 0 P 0
L 4.94199926 -11.09199458 5.44999926 -11.34599458 0 P 0
L 4.94199926 -12.10799458 5.19599926 -11.59999458 0 P 0
L 4.94199926 -12.10799458 5.44999926 -11.85399458 0 P 0
L 4.94199926 17.89200638 5.19599926 18.40000638 0 P 0
L 4.94199926 17.89200638 5.44999926 18.14600638 0 P 0
L 4.94199926 18.90800638 5.19599926 18.40000638 0 P 0
L 4.94199926 18.90800638 5.44999926 18.65400638 0 P 0
L 5.09199896 0.39200074 5.34599896 0.90000074 0 P 0
L 5.09199896 0.39200074 5.59999896 0.64600074 0 P 0
L 5.09199896 1.40800074 5.34599896 0.90000074 0 P 0
L 5.09199896 1.40800074 5.59999896 1.15400074 0 P 0
L 5.34999692 -8.56274132 5.85799692 -8.30874132 0 P 0
L 5.34999692 -9.07074132 5.85799692 -9.32474132 0 P 0
L 5.34999692 -10.4627426 5.85799692 -10.2087426 0 P 0
L 5.34999692 -10.9707426 5.85799692 -11.2247426 0 P 0
L 5.44999926 -11.34599458 5.95799926 -11.09199458 0 P 0
L 5.44999926 -11.85399458 5.95799926 -12.10799458 0 P 0
L 5.44999926 18.14600638 5.95799926 17.89200638 0 P 0
L 5.44999926 18.65400638 5.95799926 18.90800638 0 P 0
L 5.59199796 -1.74600108 5.84599796 -1.74600108 0 P 0
L 5.59199796 -1.74600108 5.84599796 -2.00000108 0 P 0
L 5.59199796 -2.25400108 5.84599796 -2.00000108 0 P 0
L 5.59199796 -2.25400108 5.84599796 -2.25400108 0 P 0
L 5.59999896 0.64600074 6.10799896 0.39200074 0 P 0
L 5.59999896 1.15400074 6.10799896 1.40800074 0 P 0
L 5.60399692 -8.81674132 5.85799692 -8.30874132 0 P 0
L 5.60399692 -8.81674132 5.85799692 -9.32474132 0 P 0
L 5.60399692 -10.7167426 5.85799692 -10.2087426 0 P 0
L 5.60399692 -10.7167426 5.85799692 -11.2247426 0 P 0
L 5.69199776 -19.13200136 6.19999776 -20.14800136 0 P 0
L 5.69199776 -19.13200136 6.70799776 -19.13200136 0 P 0
L 5.70399926 -11.59999458 5.95799926 -11.09199458 0 P 0
L 5.70399926 -11.59999458 5.95799926 -12.10799458 0 P 0
L 5.70399926 18.40000638 5.95799926 17.89200638 0 P 0
L 5.70399926 18.40000638 5.95799926 18.90800638 0 P 0
L 5.84199746 -8.30874132 6.09599746 -8.81674132 0 P 0
L 5.84199746 -8.30874132 6.34999746 -8.56274132 0 P 0
L 5.84199746 -9.32474132 6.09599746 -8.81674132 0 P 0
L 5.84199746 -9.32474132 6.34999746 -9.07074132 0 P 0
L 5.84199746 -10.2087426 6.09599746 -10.7167426 0 P 0
L 5.84199746 -10.2087426 6.34999746 -10.4627426 0 P 0
L 5.84199746 -11.2247426 6.09599746 -10.7167426 0 P 0
L 5.84199746 -11.2247426 6.34999746 -10.9707426 0 P 0
L 5.84599796 -1.74600108 6.09999796 -1.49200108 0 P 0
L 5.84599796 -2.25400108 6.09999796 -2.50800108 0 P 0
L 5.85399896 0.90000074 6.10799896 0.39200074 0 P 0
L 5.85399896 0.90000074 6.10799896 1.40800074 0 P 0
L 6.09999796 -1.49200108 6.35399796 -1.74600108 0 P 0
L 6.09999796 -2.50800108 6.35399796 -2.25400108 0 P 0
L 6.19199676 -4.39200036 6.44599676 -4.90000036 0 P 0
L 6.19199676 -4.39200036 6.69999676 -4.64600036 0 P 0
L 6.19199676 -5.2920011 6.44599676 -5.8000011 0 P 0
L 6.19199676 -5.2920011 6.69999676 -5.5460011 0 P 0
L 6.19199676 -5.40800036 6.44599676 -4.90000036 0 P 0
L 6.19199676 -5.40800036 6.69999676 -5.15400036 0 P 0
L 6.19199676 -6.3080011 6.44599676 -5.8000011 0 P 0
L 6.19199676 -6.3080011 6.69999676 -6.0540011 0 P 0
L 6.1919993 -3.59199434 6.4459993 -4.09999434 0 P 0
L 6.1919993 -3.59199434 6.6999993 -3.84599434 0 P 0
L 6.1919993 -4.60799434 6.4459993 -4.09999434 0 P 0
L 6.1919993 -4.60799434 6.6999993 -4.35399434 0 P 0
L 6.1919993 -13.59199466 6.4459993 -14.09999466 0 P 0
L 6.1919993 -13.59199466 6.6999993 -13.84599466 0 P 0
L 6.1919993 -14.60799466 6.4459993 -14.09999466 0 P 0
L 6.1919993 -14.60799466 6.6999993 -14.35399466 0 P 0
L 6.19999776 -20.14800136 6.70799776 -19.13200136 0 P 0
L 6.34999746 -8.56274132 6.85799746 -8.30874132 0 P 0
L 6.34999746 -9.07074132 6.85799746 -9.32474132 0 P 0
L 6.34999746 -10.4627426 6.85799746 -10.2087426 0 P 0
L 6.34999746 -10.9707426 6.85799746 -11.2247426 0 P 0
L 6.35399796 -1.74600108 6.60799796 -1.74600108 0 P 0
L 6.35399796 -2.00000108 6.60799796 -1.74600108 0 P 0
L 6.35399796 -2.00000108 6.60799796 -2.25400108 0 P 0
L 6.35399796 -2.25400108 6.60799796 -2.25400108 0 P 0
L 6.60399746 -8.81674132 6.85799746 -8.30874132 0 P 0
L 6.60399746 -8.81674132 6.85799746 -9.32474132 0 P 0
L 6.60399746 -10.7167426 6.85799746 -10.2087426 0 P 0
L 6.60399746 -10.7167426 6.85799746 -11.2247426 0 P 0
L 6.69200084 0.49200054 6.94600084 1.00000054 0 P 0
L 6.69200084 0.49200054 7.20000084 0.74600054 0 P 0
L 6.69200084 1.50800054 6.94600084 1.00000054 0 P 0
L 6.69200084 1.50800054 7.20000084 1.25400054 0 P 0
L 6.69999676 -4.64600036 7.20799676 -4.39200036 0 P 0
L 6.69999676 -5.15400036 7.20799676 -5.40800036 0 P 0
L 6.69999676 -5.5460011 7.20799676 -5.2920011 0 P 0
L 6.69999676 -6.0540011 7.20799676 -6.3080011 0 P 0
L 6.6999993 -3.84599434 7.2079993 -3.59199434 0 P 0
L 6.6999993 -4.35399434 7.2079993 -4.60799434 0 P 0
L 6.6999993 -13.84599466 7.2079993 -13.59199466 0 P 0
L 6.6999993 -14.35399466 7.2079993 -14.60799466 0 P 0
L 6.79200064 1.39199874 7.04600064 1.89999874 0 P 0
L 6.79200064 1.39199874 7.30000064 1.64599874 0 P 0
L 6.79200064 2.40799874 7.04600064 1.89999874 0 P 0
L 6.79200064 2.40799874 7.30000064 2.15399874 0 P 0
L 6.841998 -8.30874132 7.095998 -8.81674132 0 P 0
L 6.841998 -8.30874132 7.349998 -8.56274132 0 P 0
L 6.841998 -9.32474132 7.095998 -8.81674132 0 P 0
L 6.841998 -9.32474132 7.349998 -9.07074132 0 P 0
L 6.841998 -10.2087426 7.095998 -10.7167426 0 P 0
L 6.841998 -10.2087426 7.349998 -10.4627426 0 P 0
L 6.841998 -11.2247426 7.095998 -10.7167426 0 P 0
L 6.841998 -11.2247426 7.349998 -10.9707426 0 P 0
L 6.95399676 -4.90000036 7.20799676 -4.39200036 0 P 0
L 6.95399676 -4.90000036 7.20799676 -5.40800036 0 P 0
L 6.95399676 -5.8000011 7.20799676 -5.2920011 0 P 0
L 6.95399676 -5.8000011 7.20799676 -6.3080011 0 P 0
L 6.9539993 -4.09999434 7.2079993 -3.59199434 0 P 0
L 6.9539993 -4.09999434 7.2079993 -4.60799434 0 P 0
L 6.9539993 -14.09999466 7.2079993 -13.59199466 0 P 0
L 6.9539993 -14.09999466 7.2079993 -14.60799466 0 P 0
L 7.20000084 0.74600054 7.70800084 0.49200054 0 P 0
L 7.20000084 1.25400054 7.70800084 1.50800054 0 P 0
L 7.30000064 1.64599874 7.80800064 1.39199874 0 P 0
L 7.30000064 2.15399874 7.80800064 2.40799874 0 P 0
L 7.349998 -8.56274132 7.857998 -8.30874132 0 P 0
L 7.349998 -9.07074132 7.857998 -9.32474132 0 P 0
L 7.349998 -10.4627426 7.857998 -10.2087426 0 P 0
L 7.349998 -10.9707426 7.857998 -11.2247426 0 P 0
L 7.44199934 -11.09199458 7.69599934 -11.59999458 0 P 0
L 7.44199934 -11.09199458 7.94999934 -11.34599458 0 P 0
L 7.44199934 -12.10799458 7.69599934 -11.59999458 0 P 0
L 7.44199934 -12.10799458 7.94999934 -11.85399458 0 P 0
L 7.44199934 17.89200638 7.69599934 18.40000638 0 P 0
L 7.44199934 17.89200638 7.94999934 18.14600638 0 P 0
L 7.44199934 18.90800638 7.69599934 18.40000638 0 P 0
L 7.44199934 18.90800638 7.94999934 18.65400638 0 P 0
L 7.45400084 1.00000054 7.70800084 0.49200054 0 P 0
L 7.45400084 1.00000054 7.70800084 1.50800054 0 P 0
L 7.55400064 1.89999874 7.80800064 1.39199874 0 P 0
L 7.55400064 1.89999874 7.80800064 2.40799874 0 P 0
L 7.603998 -8.81674132 7.857998 -8.30874132 0 P 0
L 7.603998 -8.81674132 7.857998 -9.32474132 0 P 0
L 7.603998 -10.7167426 7.857998 -10.2087426 0 P 0
L 7.603998 -10.7167426 7.857998 -11.2247426 0 P 0
L 7.84199854 -8.30874132 8.09599854 -8.81674132 0 P 0
L 7.84199854 -8.30874132 8.34999854 -8.56274132 0 P 0
L 7.84199854 -9.32474132 8.09599854 -8.81674132 0 P 0
L 7.84199854 -9.32474132 8.34999854 -9.07074132 0 P 0
L 7.84199854 -10.2087426 8.09599854 -10.7167426 0 P 0
L 7.84199854 -10.2087426 8.34999854 -10.4627426 0 P 0
L 7.84199854 -11.2247426 8.09599854 -10.7167426 0 P 0
L 7.84199854 -11.2247426 8.34999854 -10.9707426 0 P 0
L 7.94999934 -11.34599458 8.45799934 -11.09199458 0 P 0
L 7.94999934 -11.85399458 8.45799934 -12.10799458 0 P 0
L 7.94999934 18.14600638 8.45799934 17.89200638 0 P 0
L 7.94999934 18.65400638 8.45799934 18.90800638 0 P 0
L 8.19200038 0.59200034 8.44600038 1.10000034 0 P 0
L 8.19200038 0.59200034 8.70000038 0.84600034 0 P 0
L 8.19200038 1.60800034 8.44600038 1.10000034 0 P 0
L 8.19200038 1.60800034 8.70000038 1.35400034 0 P 0
L 8.20399934 -11.59999458 8.45799934 -11.09199458 0 P 0
L 8.20399934 -11.59999458 8.45799934 -12.10799458 0 P 0
L 8.20399934 18.40000638 8.45799934 17.89200638 0 P 0
L 8.20399934 18.40000638 8.45799934 18.90800638 0 P 0
L 8.23199776 -19.13200136 8.73999776 -20.14800136 0 P 0
L 8.23199776 -19.13200136 9.24799776 -19.13200136 0 P 0
L 8.34999854 -8.56274132 8.85799854 -8.30874132 0 P 0
L 8.34999854 -9.07074132 8.85799854 -9.32474132 0 P 0
L 8.34999854 -10.4627426 8.85799854 -10.2087426 0 P 0
L 8.34999854 -10.9707426 8.85799854 -11.2247426 0 P 0
L 8.60399854 -8.81674132 8.85799854 -8.30874132 0 P 0
L 8.60399854 -8.81674132 8.85799854 -9.32474132 0 P 0
L 8.60399854 -10.7167426 8.85799854 -10.2087426 0 P 0
L 8.60399854 -10.7167426 8.85799854 -11.2247426 0 P 0
L 8.69199938 -13.59199466 8.94599938 -14.09999466 0 P 0
L 8.69199938 -13.59199466 9.19999938 -13.84599466 0 P 0
L 8.69199938 -14.60799466 8.94599938 -14.09999466 0 P 0
L 8.69199938 -14.60799466 9.19999938 -14.35399466 0 P 0
L 8.70000038 0.84600034 9.20800038 0.59200034 0 P 0
L 8.70000038 1.35400034 9.20800038 1.60800034 0 P 0
L 8.73999776 -20.14800136 9.24799776 -19.13200136 0 P 0
L 8.84199908 -8.30874132 9.09599908 -8.81674132 0 P 0
L 8.84199908 -8.30874132 9.34999908 -8.56274132 0 P 0
L 8.84199908 -9.32474132 9.09599908 -8.81674132 0 P 0
L 8.84199908 -9.32474132 9.34999908 -9.07074132 0 P 0
L 8.84199908 -10.2087426 9.09599908 -10.7167426 0 P 0
L 8.84199908 -10.2087426 9.34999908 -10.4627426 0 P 0
L 8.84199908 -11.2247426 9.09599908 -10.7167426 0 P 0
L 8.84199908 -11.2247426 9.34999908 -10.9707426 0 P 0
L 8.95400038 1.10000034 9.20800038 0.59200034 0 P 0
L 8.95400038 1.10000034 9.20800038 1.60800034 0 P 0
L 8.99199878 0.49200054 9.24599878 1.00000054 0 P 0
L 8.99199878 0.49200054 9.49999878 0.74600054 0 P 0
L 8.99199878 1.50800054 9.24599878 1.00000054 0 P 0
L 8.99199878 1.50800054 9.49999878 1.25400054 0 P 0
L 9.19999938 -13.84599466 9.70799938 -13.59199466 0 P 0
L 9.19999938 -14.35399466 9.70799938 -14.60799466 0 P 0
L 9.34999908 -8.56274132 9.85799908 -8.30874132 0 P 0
L 9.34999908 -9.07074132 9.85799908 -9.32474132 0 P 0
L 9.34999908 -10.4627426 9.85799908 -10.2087426 0 P 0
L 9.34999908 -10.9707426 9.85799908 -11.2247426 0 P 0
L 9.45399938 -14.09999466 9.70799938 -13.59199466 0 P 0
L 9.45399938 -14.09999466 9.70799938 -14.60799466 0 P 0
L 9.49999878 0.74600054 10.00799878 0.49200054 0 P 0
L 9.49999878 1.25400054 10.00799878 1.50800054 0 P 0
L 9.60399908 -8.81674132 9.85799908 -8.30874132 0 P 0
L 9.60399908 -8.81674132 9.85799908 -9.32474132 0 P 0
L 9.60399908 -10.7167426 9.85799908 -10.2087426 0 P 0
L 9.60399908 -10.7167426 9.85799908 -11.2247426 0 P 0
L 9.75399878 1.00000054 10.00799878 0.49200054 0 P 0
L 9.75399878 1.00000054 10.00799878 1.50800054 0 P 0
L 9.79199718 0.6459982 10.04599718 0.6459982 0 P 0
L 9.79199718 0.6459982 10.04599718 0.8999982 0 P 0
L 9.79199718 1.1539982 10.04599718 0.8999982 0 P 0
L 9.79199718 1.1539982 10.04599718 1.1539982 0 P 0
L 9.84199962 -8.30874132 10.09599962 -8.81674132 0 P 0
L 9.84199962 -8.30874132 10.34999962 -8.56274132 0 P 0
L 9.84199962 -9.32474132 10.09599962 -8.81674132 0 P 0
L 9.84199962 -9.32474132 10.34999962 -9.07074132 0 P 0
L 9.94199942 17.89200638 10.19599942 18.40000638 0 P 0
L 9.94199942 17.89200638 10.44999942 18.14600638 0 P 0
L 9.94199942 18.90800638 10.19599942 18.40000638 0 P 0
L 9.94199942 18.90800638 10.44999942 18.65400638 0 P 0
L 10.04599718 0.6459982 10.29999718 0.3919982 0 P 0
L 10.04599718 1.1539982 10.29999718 1.4079982 0 P 0
L 10.192004 -10.44200096 10.446004 -10.95000096 0 P 0
L 10.192004 -10.44200096 10.700004 -10.69600096 0 P 0
L 10.192004 -11.4420015 10.446004 -11.9500015 0 P 0
L 10.192004 -11.4420015 10.700004 -11.6960015 0 P 0
L 10.192004 -11.45800096 10.446004 -10.95000096 0 P 0
L 10.192004 -11.45800096 10.700004 -11.20400096 0 P 0
L 10.192004 -12.44200204 10.446004 -12.95000204 0 P 0
L 10.192004 -12.44200204 10.700004 -12.69600204 0 P 0
L 10.192004 -12.4580015 10.446004 -11.9500015 0 P 0
L 10.192004 -12.4580015 10.700004 -12.2040015 0 P 0
L 10.192004 -13.44200258 10.446004 -13.95000258 0 P 0
L 10.192004 -13.44200258 10.700004 -13.69600258 0 P 0
L 10.192004 -13.45800204 10.446004 -12.95000204 0 P 0
L 10.192004 -13.45800204 10.700004 -13.20400204 0 P 0
L 10.192004 -14.44200312 10.446004 -14.95000312 0 P 0
L 10.192004 -14.44200312 10.700004 -14.69600312 0 P 0
L 10.192004 -14.45800258 10.446004 -13.95000258 0 P 0
L 10.192004 -14.45800258 10.700004 -14.20400258 0 P 0
L 10.192004 -15.45800312 10.446004 -14.95000312 0 P 0
L 10.192004 -15.45800312 10.700004 -15.20400312 0 P 0
L 10.29999718 0.3919982 10.55399718 0.6459982 0 P 0
L 10.29999718 1.4079982 10.55399718 1.1539982 0 P 0
L 10.34999962 -8.56274132 10.85799962 -8.30874132 0 P 0
L 10.34999962 -9.07074132 10.85799962 -9.32474132 0 P 0
L 10.44999942 18.14600638 10.95799942 17.89200638 0 P 0
L 10.44999942 18.65400638 10.95799942 18.90800638 0 P 0
L 10.55399718 0.6459982 10.80799718 0.6459982 0 P 0
L 10.55399718 0.8999982 10.80799718 0.6459982 0 P 0
L 10.55399718 0.8999982 10.80799718 1.1539982 0 P 0
L 10.55399718 1.1539982 10.80799718 1.1539982 0 P 0
L 10.60399962 -8.81674132 10.85799962 -8.30874132 0 P 0
L 10.60399962 -8.81674132 10.85799962 -9.32474132 0 P 0
L 10.700004 -10.69600096 11.208004 -10.44200096 0 P 0
L 10.700004 -11.20400096 11.208004 -11.45800096 0 P 0
L 10.700004 -11.6960015 11.208004 -11.4420015 0 P 0
L 10.700004 -12.2040015 11.208004 -12.4580015 0 P 0
L 10.700004 -12.69600204 11.208004 -12.44200204 0 P 0
L 10.700004 -13.20400204 11.208004 -13.45800204 0 P 0
L 10.700004 -13.69600258 11.208004 -13.44200258 0 P 0
L 10.700004 -14.20400258 11.208004 -14.45800258 0 P 0
L 10.700004 -14.69600312 11.208004 -14.44200312 0 P 0
L 10.700004 -15.20400312 11.208004 -15.45800312 0 P 0
L 10.70399942 18.40000638 10.95799942 17.89200638 0 P 0
L 10.70399942 18.40000638 10.95799942 18.90800638 0 P 0
L 10.84200016 -8.30874132 11.09600016 -8.81674132 0 P 0
L 10.84200016 -8.30874132 11.35000016 -8.56274132 0 P 0
L 10.84200016 -9.32474132 11.09600016 -8.81674132 0 P 0
L 10.84200016 -9.32474132 11.35000016 -9.07074132 0 P 0
L 10.954004 -10.95000096 11.208004 -10.44200096 0 P 0
L 10.954004 -10.95000096 11.208004 -11.45800096 0 P 0
L 10.954004 -11.9500015 11.208004 -11.4420015 0 P 0
L 10.954004 -11.9500015 11.208004 -12.4580015 0 P 0
L 10.954004 -12.95000204 11.208004 -12.44200204 0 P 0
L 10.954004 -12.95000204 11.208004 -13.45800204 0 P 0
L 10.954004 -13.95000258 11.208004 -13.44200258 0 P 0
L 10.954004 -13.95000258 11.208004 -14.45800258 0 P 0
L 10.954004 -14.95000312 11.208004 -14.44200312 0 P 0
L 10.954004 -14.95000312 11.208004 -15.45800312 0 P 0
L 11.19199946 -3.59199434 11.44599946 -4.09999434 0 P 0
L 11.19199946 -3.59199434 11.69999946 -3.84599434 0 P 0
L 11.19199946 -4.60799434 11.44599946 -4.09999434 0 P 0
L 11.19199946 -4.60799434 11.69999946 -4.35399434 0 P 0
L 11.35000016 -8.56274132 11.85800016 -8.30874132 0 P 0
L 11.35000016 -9.07074132 11.85800016 -9.32474132 0 P 0
L 11.60400016 -8.81674132 11.85800016 -8.30874132 0 P 0
L 11.60400016 -8.81674132 11.85800016 -9.32474132 0 P 0
L 11.69999946 -3.84599434 12.20799946 -3.59199434 0 P 0
L 11.69999946 -4.35399434 12.20799946 -4.60799434 0 P 0
L 11.8420007 -8.30874132 12.0960007 -8.81674132 0 P 0
L 11.8420007 -8.30874132 12.3500007 -8.56274132 0 P 0
L 11.8420007 -9.32474132 12.0960007 -8.81674132 0 P 0
L 11.8420007 -9.32474132 12.3500007 -9.07074132 0 P 0
L 11.95399946 -4.09999434 12.20799946 -3.59199434 0 P 0
L 11.95399946 -4.09999434 12.20799946 -4.60799434 0 P 0
L 12.09199512 -10.44200096 12.34599512 -10.95000096 0 P 0
L 12.09199512 -10.44200096 12.59999512 -10.69600096 0 P 0
L 12.09199512 -11.4420015 12.34599512 -11.9500015 0 P 0
L 12.09199512 -11.4420015 12.59999512 -11.6960015 0 P 0
L 12.09199512 -11.45800096 12.34599512 -10.95000096 0 P 0
L 12.09199512 -11.45800096 12.59999512 -11.20400096 0 P 0
L 12.09199512 -12.44200204 12.34599512 -12.95000204 0 P 0
L 12.09199512 -12.44200204 12.59999512 -12.69600204 0 P 0
L 12.09199512 -12.4580015 12.34599512 -11.9500015 0 P 0
L 12.09199512 -12.4580015 12.59999512 -12.2040015 0 P 0
L 12.09199512 -13.44200258 12.34599512 -13.95000258 0 P 0
L 12.09199512 -13.44200258 12.59999512 -13.69600258 0 P 0
L 12.09199512 -13.45800204 12.34599512 -12.95000204 0 P 0
L 12.09199512 -13.45800204 12.59999512 -13.20400204 0 P 0
L 12.09199512 -14.44200312 12.34599512 -14.95000312 0 P 0
L 12.09199512 -14.44200312 12.59999512 -14.69600312 0 P 0
L 12.09199512 -14.45800258 12.34599512 -13.95000258 0 P 0
L 12.09199512 -14.45800258 12.59999512 -14.20400258 0 P 0
L 12.09199512 -15.45800312 12.34599512 -14.95000312 0 P 0
L 12.09199512 -15.45800312 12.59999512 -15.20400312 0 P 0
L 12.3500007 -8.56274132 12.8580007 -8.30874132 0 P 0
L 12.3500007 -9.07074132 12.8580007 -9.32474132 0 P 0
L 12.4419995 2.8920059 12.6959995 3.4000059 0 P 0
L 12.4419995 2.8920059 12.9499995 3.1460059 0 P 0
L 12.4419995 3.9080059 12.6959995 3.4000059 0 P 0
L 12.4419995 3.9080059 12.9499995 3.6540059 0 P 0
L 12.4419995 7.89200606 12.6959995 8.40000606 0 P 0
L 12.4419995 7.89200606 12.9499995 8.14600606 0 P 0
L 12.4419995 8.90800606 12.6959995 8.40000606 0 P 0
L 12.4419995 8.90800606 12.9499995 8.65400606 0 P 0
L 12.4419995 17.89200638 12.6959995 18.40000638 0 P 0
L 12.4419995 17.89200638 12.9499995 18.14600638 0 P 0
L 12.4419995 18.90800638 12.6959995 18.40000638 0 P 0
L 12.4419995 18.90800638 12.9499995 18.65400638 0 P 0
L 12.59999512 -10.69600096 13.10799512 -10.44200096 0 P 0
L 12.59999512 -11.20400096 13.10799512 -11.45800096 0 P 0
L 12.59999512 -11.6960015 13.10799512 -11.4420015 0 P 0
L 12.59999512 -12.2040015 13.10799512 -12.4580015 0 P 0
L 12.59999512 -12.69600204 13.10799512 -12.44200204 0 P 0
L 12.59999512 -13.20400204 13.10799512 -13.45800204 0 P 0
L 12.59999512 -13.69600258 13.10799512 -13.44200258 0 P 0
L 12.59999512 -14.20400258 13.10799512 -14.45800258 0 P 0
L 12.59999512 -14.69600312 13.10799512 -14.44200312 0 P 0
L 12.59999512 -15.20400312 13.10799512 -15.45800312 0 P 0
L 12.6040007 -8.81674132 12.8580007 -8.30874132 0 P 0
L 12.6040007 -8.81674132 12.8580007 -9.32474132 0 P 0
L 12.7919988 -9.59200012 13.0459988 -10.10000012 0 P 0
L 12.7919988 -9.59200012 13.2999988 -9.84600012 0 P 0
L 12.7919988 -10.59200066 13.0459988 -11.10000066 0 P 0
L 12.7919988 -10.59200066 13.2999988 -10.84600066 0 P 0
L 12.7919988 -10.60800012 13.0459988 -10.10000012 0 P 0
L 12.7919988 -10.60800012 13.2999988 -10.35400012 0 P 0
L 12.7919988 -11.5920012 13.0459988 -12.1000012 0 P 0
L 12.7919988 -11.5920012 13.2999988 -11.8460012 0 P 0
L 12.7919988 -11.60800066 13.0459988 -11.10000066 0 P 0
L 12.7919988 -11.60800066 13.2999988 -11.35400066 0 P 0
L 12.7919988 -12.59200174 13.0459988 -13.10000174 0 P 0
L 12.7919988 -12.59200174 13.2999988 -12.84600174 0 P 0
L 12.7919988 -12.6080012 13.0459988 -12.1000012 0 P 0
L 12.7919988 -12.6080012 13.2999988 -12.3540012 0 P 0
L 12.7919988 -13.59200228 13.0459988 -14.10000228 0 P 0
L 12.7919988 -13.59200228 13.2999988 -13.84600228 0 P 0
L 12.7919988 -13.60800174 13.0459988 -13.10000174 0 P 0
L 12.7919988 -13.60800174 13.2999988 -13.35400174 0 P 0
L 12.7919988 -14.59200282 13.0459988 -15.10000282 0 P 0
L 12.7919988 -14.59200282 13.2999988 -14.84600282 0 P 0
L 12.7919988 -14.60800228 13.0459988 -14.10000228 0 P 0
L 12.7919988 -14.60800228 13.2999988 -14.35400228 0 P 0
L 12.7919988 -15.59200336 13.0459988 -16.10000336 0 P 0
L 12.7919988 -15.59200336 13.2999988 -15.84600336 0 P 0
L 12.7919988 -15.60800282 13.0459988 -15.10000282 0 P 0
L 12.7919988 -15.60800282 13.2999988 -15.35400282 0 P 0
L 12.7919988 -16.5920039 13.0459988 -17.1000039 0 P 0
L 12.7919988 -16.5920039 13.2999988 -16.8460039 0 P 0
L 12.7919988 -16.60800336 13.0459988 -16.10000336 0 P 0
L 12.7919988 -16.60800336 13.2999988 -16.35400336 0 P 0
L 12.7919988 -17.59200444 13.0459988 -18.10000444 0 P 0
L 12.7919988 -17.59200444 13.2999988 -17.84600444 0 P 0
L 12.7919988 -17.6080039 13.0459988 -17.1000039 0 P 0
L 12.7919988 -17.6080039 13.2999988 -17.3540039 0 P 0
L 12.7919988 -18.59200498 13.0459988 -19.10000498 0 P 0
L 12.7919988 -18.59200498 13.2999988 -18.84600498 0 P 0
L 12.7919988 -18.60800444 13.0459988 -18.10000444 0 P 0
L 12.7919988 -18.60800444 13.2999988 -18.35400444 0 P 0
L 12.7919988 -19.60800498 13.0459988 -19.10000498 0 P 0
L 12.7919988 -19.60800498 13.2999988 -19.35400498 0 P 0
L 12.85399512 -10.95000096 13.10799512 -10.44200096 0 P 0
L 12.85399512 -10.95000096 13.10799512 -11.45800096 0 P 0
L 12.85399512 -11.9500015 13.10799512 -11.4420015 0 P 0
L 12.85399512 -11.9500015 13.10799512 -12.4580015 0 P 0
L 12.85399512 -12.95000204 13.10799512 -12.44200204 0 P 0
L 12.85399512 -12.95000204 13.10799512 -13.45800204 0 P 0
L 12.85399512 -13.95000258 13.10799512 -13.44200258 0 P 0
L 12.85399512 -13.95000258 13.10799512 -14.45800258 0 P 0
L 12.85399512 -14.95000312 13.10799512 -14.44200312 0 P 0
L 12.85399512 -14.95000312 13.10799512 -15.45800312 0 P 0
L 12.9499995 3.1460059 13.4579995 2.8920059 0 P 0
L 12.9499995 3.6540059 13.4579995 3.9080059 0 P 0
L 12.9499995 8.14600606 13.4579995 7.89200606 0 P 0
L 12.9499995 8.65400606 13.4579995 8.90800606 0 P 0
L 12.9499995 18.14600638 13.4579995 17.89200638 0 P 0
L 12.9499995 18.65400638 13.4579995 18.90800638 0 P 0
L 13.2039995 3.4000059 13.4579995 2.8920059 0 P 0
L 13.2039995 3.4000059 13.4579995 3.9080059 0 P 0
L 13.2039995 8.40000606 13.4579995 7.89200606 0 P 0
L 13.2039995 8.40000606 13.4579995 8.90800606 0 P 0
L 13.2039995 18.40000638 13.4579995 17.89200638 0 P 0
L 13.2039995 18.40000638 13.4579995 18.90800638 0 P 0
L 13.2999988 -9.84600012 13.8079988 -9.59200012 0 P 0
L 13.2999988 -10.35400012 13.8079988 -10.60800012 0 P 0
L 13.2999988 -10.84600066 13.8079988 -10.59200066 0 P 0
L 13.2999988 -11.35400066 13.8079988 -11.60800066 0 P 0
L 13.2999988 -11.8460012 13.8079988 -11.5920012 0 P 0
L 13.2999988 -12.3540012 13.8079988 -12.6080012 0 P 0
L 13.2999988 -12.84600174 13.8079988 -12.59200174 0 P 0
L 13.2999988 -13.35400174 13.8079988 -13.60800174 0 P 0
L 13.2999988 -13.84600228 13.8079988 -13.59200228 0 P 0
L 13.2999988 -14.35400228 13.8079988 -14.60800228 0 P 0
L 13.2999988 -14.84600282 13.8079988 -14.59200282 0 P 0
L 13.2999988 -15.35400282 13.8079988 -15.60800282 0 P 0
L 13.2999988 -15.84600336 13.8079988 -15.59200336 0 P 0
L 13.2999988 -16.35400336 13.8079988 -16.60800336 0 P 0
L 13.2999988 -16.8460039 13.8079988 -16.5920039 0 P 0
L 13.2999988 -17.3540039 13.8079988 -17.6080039 0 P 0
L 13.2999988 -17.84600444 13.8079988 -17.59200444 0 P 0
L 13.2999988 -18.35400444 13.8079988 -18.60800444 0 P 0
L 13.2999988 -18.84600498 13.8079988 -18.59200498 0 P 0
L 13.2999988 -19.35400498 13.8079988 -19.60800498 0 P 0
L 13.5539988 -10.10000012 13.8079988 -9.59200012 0 P 0
L 13.5539988 -10.10000012 13.8079988 -10.60800012 0 P 0
L 13.5539988 -11.10000066 13.8079988 -10.59200066 0 P 0
L 13.5539988 -11.10000066 13.8079988 -11.60800066 0 P 0
L 13.5539988 -12.1000012 13.8079988 -11.5920012 0 P 0
L 13.5539988 -12.1000012 13.8079988 -12.6080012 0 P 0
L 13.5539988 -13.10000174 13.8079988 -12.59200174 0 P 0
L 13.5539988 -13.10000174 13.8079988 -13.60800174 0 P 0
L 13.5539988 -14.10000228 13.8079988 -13.59200228 0 P 0
L 13.5539988 -14.10000228 13.8079988 -14.60800228 0 P 0
L 13.5539988 -15.10000282 13.8079988 -14.59200282 0 P 0
L 13.5539988 -15.10000282 13.8079988 -15.60800282 0 P 0
L 13.5539988 -16.10000336 13.8079988 -15.59200336 0 P 0
L 13.5539988 -16.10000336 13.8079988 -16.60800336 0 P 0
L 13.5539988 -17.1000039 13.8079988 -16.5920039 0 P 0
L 13.5539988 -17.1000039 13.8079988 -17.6080039 0 P 0
L 13.5539988 -18.10000444 13.8079988 -17.59200444 0 P 0
L 13.5539988 -18.10000444 13.8079988 -18.60800444 0 P 0
L 13.5539988 -19.10000498 13.8079988 -18.59200498 0 P 0
L 13.5539988 -19.10000498 13.8079988 -19.60800498 0 P 0
L 13.69199954 5.39200598 13.94599954 5.90000598 0 P 0
L 13.69199954 5.39200598 14.19999954 5.64600598 0 P 0
L 13.69199954 6.40800598 13.94599954 5.90000598 0 P 0
L 13.69199954 6.40800598 14.19999954 6.15400598 0 P 0
L 13.89845582 -5.65192418 14.15245582 -5.65192418 0 P 0
L 13.89845582 -5.65192418 14.15245582 -5.90592418 0 P 0
L 13.89845582 -6.15992418 14.15245582 -5.90592418 0 P 0
L 13.89845582 -6.15992418 14.15245582 -6.15992418 0 P 0
L 14.15245582 -5.65192418 14.40645582 -5.39792418 0 P 0
L 14.15245582 -6.15992418 14.40645582 -6.41392418 0 P 0
L 14.19999954 5.64600598 14.70799954 5.39200598 0 P 0
L 14.19999954 6.15400598 14.70799954 6.40800598 0 P 0
L 14.40645582 -5.39792418 14.66045582 -5.65192418 0 P 0
L 14.40645582 -6.41392418 14.66045582 -6.15992418 0 P 0
L 14.45399954 5.90000598 14.70799954 5.39200598 0 P 0
L 14.45399954 5.90000598 14.70799954 6.40800598 0 P 0
L 14.66045582 -5.65192418 14.91445582 -5.65192418 0 P 0
L 14.66045582 -5.90592418 14.91445582 -5.65192418 0 P 0
L 14.66045582 -5.90592418 14.91445582 -6.15992418 0 P 0
L 14.66045582 -6.15992418 14.91445582 -6.15992418 0 P 0
L 14.89199968 -9.59200012 15.14599968 -10.10000012 0 P 0
L 14.89199968 -9.59200012 15.39999968 -9.84600012 0 P 0
L 14.89199968 -10.59200066 15.14599968 -11.10000066 0 P 0
L 14.89199968 -10.59200066 15.39999968 -10.84600066 0 P 0
L 14.89199968 -10.60800012 15.14599968 -10.10000012 0 P 0
L 14.89199968 -10.60800012 15.39999968 -10.35400012 0 P 0
L 14.89199968 -11.5920012 15.14599968 -12.1000012 0 P 0
L 14.89199968 -11.5920012 15.39999968 -11.8460012 0 P 0
L 14.89199968 -11.60800066 15.14599968 -11.10000066 0 P 0
L 14.89199968 -11.60800066 15.39999968 -11.35400066 0 P 0
L 14.89199968 -12.59200174 15.14599968 -13.10000174 0 P 0
L 14.89199968 -12.59200174 15.39999968 -12.84600174 0 P 0
L 14.89199968 -12.6080012 15.14599968 -12.1000012 0 P 0
L 14.89199968 -12.6080012 15.39999968 -12.3540012 0 P 0
L 14.89199968 -13.59200228 15.14599968 -14.10000228 0 P 0
L 14.89199968 -13.59200228 15.39999968 -13.84600228 0 P 0
L 14.89199968 -13.60800174 15.14599968 -13.10000174 0 P 0
L 14.89199968 -13.60800174 15.39999968 -13.35400174 0 P 0
L 14.89199968 -14.59200282 15.14599968 -15.10000282 0 P 0
L 14.89199968 -14.59200282 15.39999968 -14.84600282 0 P 0
L 14.89199968 -14.60800228 15.14599968 -14.10000228 0 P 0
L 14.89199968 -14.60800228 15.39999968 -14.35400228 0 P 0
L 14.89199968 -15.59200336 15.14599968 -16.10000336 0 P 0
L 14.89199968 -15.59200336 15.39999968 -15.84600336 0 P 0
L 14.89199968 -15.60800282 15.14599968 -15.10000282 0 P 0
L 14.89199968 -15.60800282 15.39999968 -15.35400282 0 P 0
L 14.89199968 -16.5920039 15.14599968 -17.1000039 0 P 0
L 14.89199968 -16.5920039 15.39999968 -16.8460039 0 P 0
L 14.89199968 -16.60800336 15.14599968 -16.10000336 0 P 0
L 14.89199968 -16.60800336 15.39999968 -16.35400336 0 P 0
L 14.89199968 -17.59200444 15.14599968 -18.10000444 0 P 0
L 14.89199968 -17.59200444 15.39999968 -17.84600444 0 P 0
L 14.89199968 -17.6080039 15.14599968 -17.1000039 0 P 0
L 14.89199968 -17.6080039 15.39999968 -17.3540039 0 P 0
L 14.89199968 -18.59200498 15.14599968 -19.10000498 0 P 0
L 14.89199968 -18.59200498 15.39999968 -18.84600498 0 P 0
L 14.89199968 -18.60800444 15.14599968 -18.10000444 0 P 0
L 14.89199968 -18.60800444 15.39999968 -18.35400444 0 P 0
L 14.89199968 -19.60800498 15.14599968 -19.10000498 0 P 0
L 14.89199968 -19.60800498 15.39999968 -19.35400498 0 P 0
L 14.94199958 2.8920059 15.19599958 3.4000059 0 P 0
L 14.94199958 2.8920059 15.44999958 3.1460059 0 P 0
L 14.94199958 3.9080059 15.19599958 3.4000059 0 P 0
L 14.94199958 3.9080059 15.44999958 3.6540059 0 P 0
L 14.94199958 7.89200606 15.19599958 8.40000606 0 P 0
L 14.94199958 7.89200606 15.44999958 8.14600606 0 P 0
L 14.94199958 8.90800606 15.19599958 8.40000606 0 P 0
L 14.94199958 8.90800606 15.44999958 8.65400606 0 P 0
L 14.94199958 17.89200638 15.19599958 18.40000638 0 P 0
L 14.94199958 17.89200638 15.44999958 18.14600638 0 P 0
L 14.94199958 18.90800638 15.19599958 18.40000638 0 P 0
L 14.94199958 18.90800638 15.44999958 18.65400638 0 P 0
L 15.39999968 -9.84600012 15.90799968 -9.59200012 0 P 0
L 15.39999968 -10.35400012 15.90799968 -10.60800012 0 P 0
L 15.39999968 -10.84600066 15.90799968 -10.59200066 0 P 0
L 15.39999968 -11.35400066 15.90799968 -11.60800066 0 P 0
L 15.39999968 -11.8460012 15.90799968 -11.5920012 0 P 0
L 15.39999968 -12.3540012 15.90799968 -12.6080012 0 P 0
L 15.39999968 -12.84600174 15.90799968 -12.59200174 0 P 0
L 15.39999968 -13.35400174 15.90799968 -13.60800174 0 P 0
L 15.39999968 -13.84600228 15.90799968 -13.59200228 0 P 0
L 15.39999968 -14.35400228 15.90799968 -14.60800228 0 P 0
L 15.39999968 -14.84600282 15.90799968 -14.59200282 0 P 0
L 15.39999968 -15.35400282 15.90799968 -15.60800282 0 P 0
L 15.39999968 -15.84600336 15.90799968 -15.59200336 0 P 0
L 15.39999968 -16.35400336 15.90799968 -16.60800336 0 P 0
L 15.39999968 -16.8460039 15.90799968 -16.5920039 0 P 0
L 15.39999968 -17.3540039 15.90799968 -17.6080039 0 P 0
L 15.39999968 -17.84600444 15.90799968 -17.59200444 0 P 0
L 15.39999968 -18.35400444 15.90799968 -18.60800444 0 P 0
L 15.39999968 -18.84600498 15.90799968 -18.59200498 0 P 0
L 15.39999968 -19.35400498 15.90799968 -19.60800498 0 P 0
L 15.44999958 3.1460059 15.95799958 2.8920059 0 P 0
L 15.44999958 3.6540059 15.95799958 3.9080059 0 P 0
L 15.44999958 8.14600606 15.95799958 7.89200606 0 P 0
L 15.44999958 8.65400606 15.95799958 8.90800606 0 P 0
L 15.44999958 18.14600638 15.95799958 17.89200638 0 P 0
L 15.44999958 18.65400638 15.95799958 18.90800638 0 P 0
L 15.65399968 -10.10000012 15.90799968 -9.59200012 0 P 0
L 15.65399968 -10.10000012 15.90799968 -10.60800012 0 P 0
L 15.65399968 -11.10000066 15.90799968 -10.59200066 0 P 0
L 15.65399968 -11.10000066 15.90799968 -11.60800066 0 P 0
L 15.65399968 -12.1000012 15.90799968 -11.5920012 0 P 0
L 15.65399968 -12.1000012 15.90799968 -12.6080012 0 P 0
L 15.65399968 -13.10000174 15.90799968 -12.59200174 0 P 0
L 15.65399968 -13.10000174 15.90799968 -13.60800174 0 P 0
L 15.65399968 -14.10000228 15.90799968 -13.59200228 0 P 0
L 15.65399968 -14.10000228 15.90799968 -14.60800228 0 P 0
L 15.65399968 -15.10000282 15.90799968 -14.59200282 0 P 0
L 15.65399968 -15.10000282 15.90799968 -15.60800282 0 P 0
L 15.65399968 -16.10000336 15.90799968 -15.59200336 0 P 0
L 15.65399968 -16.10000336 15.90799968 -16.60800336 0 P 0
L 15.65399968 -17.1000039 15.90799968 -16.5920039 0 P 0
L 15.65399968 -17.1000039 15.90799968 -17.6080039 0 P 0
L 15.65399968 -18.10000444 15.90799968 -17.59200444 0 P 0
L 15.65399968 -18.10000444 15.90799968 -18.60800444 0 P 0
L 15.65399968 -19.10000498 15.90799968 -18.59200498 0 P 0
L 15.65399968 -19.10000498 15.90799968 -19.60800498 0 P 0
L 15.70399958 3.4000059 15.95799958 2.8920059 0 P 0
L 15.70399958 3.4000059 15.95799958 3.9080059 0 P 0
L 15.70399958 8.40000606 15.95799958 7.89200606 0 P 0
L 15.70399958 8.40000606 15.95799958 8.90800606 0 P 0
L 15.70399958 18.40000638 15.95799958 17.89200638 0 P 0
L 15.70399958 18.40000638 15.95799958 18.90800638 0 P 0
L 16.19199962 -3.59199434 16.44599962 -4.09999434 0 P 0
L 16.19199962 -3.59199434 16.69999962 -3.84599434 0 P 0
L 16.19199962 -4.60799434 16.44599962 -4.09999434 0 P 0
L 16.19199962 -4.60799434 16.69999962 -4.35399434 0 P 0
L 16.19199962 -8.5919945 16.44599962 -9.0999945 0 P 0
L 16.19199962 -8.5919945 16.69999962 -8.8459945 0 P 0
L 16.19199962 -9.6079945 16.44599962 -9.0999945 0 P 0
L 16.19199962 -9.6079945 16.69999962 -9.3539945 0 P 0
L 16.19199962 -13.59199466 16.44599962 -14.09999466 0 P 0
L 16.19199962 -13.59199466 16.69999962 -13.84599466 0 P 0
L 16.19199962 -14.60799466 16.44599962 -14.09999466 0 P 0
L 16.19199962 -14.60799466 16.69999962 -14.35399466 0 P 0
L 16.19199962 0.39200582 16.44599962 0.90000582 0 P 0
L 16.19199962 0.39200582 16.69999962 0.64600582 0 P 0
L 16.19199962 1.40800582 16.44599962 0.90000582 0 P 0
L 16.19199962 1.40800582 16.69999962 1.15400582 0 P 0
L 16.19199962 5.39200598 16.44599962 5.90000598 0 P 0
L 16.19199962 5.39200598 16.69999962 5.64600598 0 P 0
L 16.19199962 6.40800598 16.44599962 5.90000598 0 P 0
L 16.19199962 6.40800598 16.69999962 6.15400598 0 P 0
L 16.69999962 -3.84599434 17.20799962 -3.59199434 0 P 0
L 16.69999962 -4.35399434 17.20799962 -4.60799434 0 P 0
L 16.69999962 -8.8459945 17.20799962 -8.5919945 0 P 0
L 16.69999962 -9.3539945 17.20799962 -9.6079945 0 P 0
L 16.69999962 -13.84599466 17.20799962 -13.59199466 0 P 0
L 16.69999962 -14.35399466 17.20799962 -14.60799466 0 P 0
L 16.69999962 0.64600582 17.20799962 0.39200582 0 P 0
L 16.69999962 1.15400582 17.20799962 1.40800582 0 P 0
L 16.69999962 5.64600598 17.20799962 5.39200598 0 P 0
L 16.69999962 6.15400598 17.20799962 6.40800598 0 P 0
L 16.95399962 -4.09999434 17.20799962 -3.59199434 0 P 0
L 16.95399962 -4.09999434 17.20799962 -4.60799434 0 P 0
L 16.95399962 -9.0999945 17.20799962 -8.5919945 0 P 0
L 16.95399962 -9.0999945 17.20799962 -9.6079945 0 P 0
L 16.95399962 -14.09999466 17.20799962 -13.59199466 0 P 0
L 16.95399962 -14.09999466 17.20799962 -14.60799466 0 P 0
L 16.95399962 0.90000582 17.20799962 0.39200582 0 P 0
L 16.95399962 0.90000582 17.20799962 1.40800582 0 P 0
L 16.95399962 5.90000598 17.20799962 5.39200598 0 P 0
L 16.95399962 5.90000598 17.20799962 6.40800598 0 P 0
