UNITS=MM
#Layer_Color=9474304
#
#Feature symbol names
#
$0 r127

#
#Feature attribute names
#

#
#Layer features
#
L -0.80000094 15.8000065 -0.80000094 16.0000061 0 P 0
L -0.82500216 -9.0750009 -0.82500216 -8.7750015 0 P 0
L -0.90000074 15.9000063 -0.70000114 15.9000063 0 P 0
L -0.97500186 -8.9250012 -0.67500246 -8.9250012 0 P 0
L -1.20000014 -17.65000026 -1.20000014 -16.55000246 0 P 0
L -1.20000014 -20.19000026 -1.20000014 -19.09000246 0 P 0
L -1.50000208 7.99999924 -1.50000208 8.99999724 0 P 0
L -1.74999904 -17.10000136 -0.65000124 -17.10000136 0 P 0
L -1.74999904 -19.64000136 -0.65000124 -19.64000136 0 P 0
L -2.00000108 8.49999824 -1.00000308 8.49999824 0 P 0
L -2.05000098 13.30000642 -2.05000098 13.50000602 0 P 0
L -2.05000098 18.30000658 -2.05000098 18.50000618 0 P 0
L -2.15000078 13.40000622 -1.95000118 13.40000622 0 P 0
L -2.15000078 18.40000638 -1.95000118 18.40000638 0 P 0
L -3.30000102 -19.19999462 -3.30000102 -18.99999502 0 P 0
L -3.30000102 15.8000065 -3.30000102 16.0000061 0 P 0
L -3.40000082 -19.09999482 -3.20000122 -19.09999482 0 P 0
L -3.40000082 15.9000063 -3.20000122 15.9000063 0 P 0
L -3.65000032 -13.199999 -3.65000032 -12.9999994 0 P 0
L -3.65000286 -13.70000054 -3.65000286 -13.50000094 0 P 0
L -3.75000012 -13.0999992 -3.55000052 -13.0999992 0 P 0
L -3.75000266 -13.60000074 -3.55000306 -13.60000074 0 P 0
L -4.04000208 7.99999924 -4.04000208 8.99999724 0 P 0
L -4.14999932 -13.199999 -4.14999932 -12.9999994 0 P 0
L -4.15000186 -13.70000054 -4.15000186 -13.50000094 0 P 0
L -4.24999912 -13.0999992 -4.04999952 -13.0999992 0 P 0
L -4.25000166 -13.60000074 -4.05000206 -13.60000074 0 P 0
L -4.54000108 8.49999824 -3.54000308 8.49999824 0 P 0
L -4.55000106 -16.69999454 -4.55000106 -16.49999494 0 P 0
L -4.55000106 13.30000642 -4.55000106 13.50000602 0 P 0
L -4.55000106 18.30000658 -4.55000106 18.50000618 0 P 0
L -4.64999832 -13.199999 -4.64999832 -12.9999994 0 P 0
L -4.65000086 -13.70000054 -4.65000086 -13.50000094 0 P 0
L -4.65000086 -16.59999474 -4.45000126 -16.59999474 0 P 0
L -4.65000086 13.40000622 -4.45000126 13.40000622 0 P 0
L -4.65000086 18.40000638 -4.45000126 18.40000638 0 P 0
L -4.74999812 -13.0999992 -4.54999852 -13.0999992 0 P 0
L -4.75000066 -13.60000074 -4.55000106 -13.60000074 0 P 0
L -5.8000011 15.8000065 -5.8000011 16.0000061 0 P 0
L -5.9000009 15.9000063 -5.7000013 15.9000063 0 P 0
L -6.58000208 7.99999924 -6.58000208 8.99999724 0 P 0
L -6.66000192 -17.65000026 -6.66000192 -16.55000246 0 P 0
L -6.66000192 -20.19000026 -6.66000192 -19.09000246 0 P 0
L -7.05000114 13.30000642 -7.05000114 13.50000602 0 P 0
L -7.05000114 18.30000658 -7.05000114 18.50000618 0 P 0
L -7.08000108 8.49999824 -6.08000308 8.49999824 0 P 0
L -7.15000094 13.40000622 -6.95000134 13.40000622 0 P 0
L -7.15000094 18.40000638 -6.95000134 18.40000638 0 P 0
L -7.21000082 -17.10000136 -6.11000302 -17.10000136 0 P 0
L -7.21000082 -19.64000136 -6.11000302 -19.64000136 0 P 0
L -8.30000118 15.8000065 -8.30000118 16.0000061 0 P 0
L -8.40000098 15.9000063 -8.20000138 15.9000063 0 P 0
L -9.20000192 -17.65000026 -9.20000192 -16.55000246 0 P 0
L -9.20000192 -20.19000026 -9.20000192 -19.09000246 0 P 0
L -9.55000122 -11.69999438 -9.55000122 -11.49999478 0 P 0
L -9.55000122 13.30000642 -9.55000122 13.50000602 0 P 0
L -9.55000122 18.30000658 -9.55000122 18.50000618 0 P 0
L -9.65000102 -11.59999458 -9.45000142 -11.59999458 0 P 0
L -9.65000102 13.40000622 -9.45000142 13.40000622 0 P 0
L -9.65000102 18.40000638 -9.45000142 18.40000638 0 P 0
L -9.75000082 -17.10000136 -8.65000302 -17.10000136 0 P 0
L -9.75000082 -19.64000136 -8.65000302 -19.64000136 0 P 0
L -10.60000166 6.5499996 -10.60000166 6.849999 0 P 0
L -10.75000136 6.6999993 -10.45000196 6.6999993 0 P 0
L -10.80000126 -14.19999446 -10.80000126 -13.99999486 0 P 0
L -10.80000126 -19.19999462 -10.80000126 -18.99999502 0 P 0
L -10.80000126 15.8000065 -10.80000126 16.0000061 0 P 0
L -10.90000106 -14.09999466 -10.70000146 -14.09999466 0 P 0
L -10.90000106 -19.09999482 -10.70000146 -19.09999482 0 P 0
L -10.90000106 15.9000063 -10.70000146 15.9000063 0 P 0
L -11.3000028 5.84999846 -11.3000028 6.14999786 0 P 0
L -11.4500025 5.99999816 -11.1500031 5.99999816 0 P 0
L -11.5000024 7.99999924 -11.5000024 8.99999724 0 P 0
L -11.99999378 2.35000038 -11.99999378 2.64999978 0 P 0
L -11.99999886 3.75000012 -11.99999886 4.04999952 0 P 0
L -12.0000014 8.49999824 -11.0000034 8.49999824 0 P 0
L -12.00000394 5.14999986 -12.00000394 5.44999926 0 P 0
L -12.00000394 6.5499996 -12.00000394 6.849999 0 P 0
L -12.0500013 -11.69999438 -12.0500013 -11.49999478 0 P 0
L -12.0500013 -16.69999454 -12.0500013 -16.49999494 0 P 0
L -12.0500013 13.30000642 -12.0500013 13.50000602 0 P 0
L -12.0500013 18.30000658 -12.0500013 18.50000618 0 P 0
L -12.14999348 2.50000008 -11.84999408 2.50000008 0 P 0
L -12.14999856 3.89999982 -11.84999916 3.89999982 0 P 0
L -12.1500011 -11.59999458 -11.9500015 -11.59999458 0 P 0
L -12.1500011 -16.59999474 -11.9500015 -16.59999474 0 P 0
L -12.1500011 13.40000622 -11.9500015 13.40000622 0 P 0
L -12.1500011 18.40000638 -11.9500015 18.40000638 0 P 0
L -12.15000364 5.29999956 -11.85000424 5.29999956 0 P 0
L -12.15000364 6.6999993 -11.85000424 6.6999993 0 P 0
L -12.70000254 5.84999846 -12.70000254 6.14999786 0 P 0
L -12.85000224 5.99999816 -12.55000284 5.99999816 0 P 0
L -13.30000134 -14.19999446 -13.30000134 -13.99999486 0 P 0
L -13.30000134 -19.19999462 -13.30000134 -18.99999502 0 P 0
L -13.30000134 15.8000065 -13.30000134 16.0000061 0 P 0
L -13.40000114 -14.09999466 -13.20000154 -14.09999466 0 P 0
L -13.40000114 -19.09999482 -13.20000154 -19.09999482 0 P 0
L -13.40000114 3.75000012 -13.40000114 4.04999952 0 P 0
L -13.40000114 5.14999986 -13.40000114 5.44999926 0 P 0
L -13.40000114 15.9000063 -13.20000154 15.9000063 0 P 0
L -13.55000084 3.89999982 -13.25000144 3.89999982 0 P 0
L -13.55000084 5.29999956 -13.25000144 5.29999956 0 P 0
L -14.0400024 7.99999924 -14.0400024 8.99999724 0 P 0
L -14.10000228 -5.80999854 -14.10000228 -4.71000074 0 P 0
L -14.10000228 -8.34999854 -14.10000228 -7.25000074 0 P 0
L -14.10000228 1.6499967 -14.10000228 1.9499961 0 P 0
L -14.10000228 3.04999898 -14.10000228 3.34999838 0 P 0
L -14.10000228 4.45000126 -14.10000228 4.75000066 0 P 0
L -14.25000198 1.7999964 -13.95000258 1.7999964 0 P 0
L -14.25000198 3.19999868 -13.95000258 3.19999868 0 P 0
L -14.25000198 4.60000096 -13.95000258 4.60000096 0 P 0
L -14.5400014 8.49999824 -13.5400034 8.49999824 0 P 0
L -14.55000138 -11.69999438 -14.55000138 -11.49999478 0 P 0
L -14.55000138 -16.69999454 -14.55000138 -16.49999494 0 P 0
L -14.55000138 13.30000642 -14.55000138 13.50000602 0 P 0
L -14.55000138 18.30000658 -14.55000138 18.50000618 0 P 0
L -14.65000118 -5.25999964 -13.55000338 -5.25999964 0 P 0
L -14.65000118 -7.79999964 -13.55000338 -7.79999964 0 P 0
L -14.65000118 -11.59999458 -14.45000158 -11.59999458 0 P 0
L -14.65000118 -16.59999474 -14.45000158 -16.59999474 0 P 0
L -14.65000118 13.40000622 -14.45000158 13.40000622 0 P 0
L -14.65000118 18.40000638 -14.45000158 18.40000638 0 P 0
L -15.80000142 -14.19999446 -15.80000142 -13.99999486 0 P 0
L -15.80000142 -19.19999462 -15.80000142 -18.99999502 0 P 0
L -15.80000142 15.8000065 -15.80000142 16.0000061 0 P 0
L -15.90000122 -14.09999466 -15.70000162 -14.09999466 0 P 0
L -15.90000122 -19.09999482 -15.70000162 -19.09999482 0 P 0
L -15.90000122 15.9000063 -15.70000162 15.9000063 0 P 0
L -16.5800024 7.99999924 -16.5800024 8.99999724 0 P 0
L -16.64000228 -5.80999854 -16.64000228 -4.71000074 0 P 0
L -16.64000228 -8.34999854 -16.64000228 -7.25000074 0 P 0
L -17.0800014 8.49999824 -16.0800034 8.49999824 0 P 0
L -17.19000118 -5.25999964 -16.09000338 -5.25999964 0 P 0
L -17.19000118 -7.79999964 -16.09000338 -7.79999964 0 P 0
L 0.3499993 18.40000638 0.5499989 18.40000638 0 P 0
L 0.4499991 18.30000658 0.4499991 18.50000618 0 P 0
L 0.79000096 -17.10000136 1.88999876 -17.10000136 0 P 0
L 0.79000096 -19.64000136 1.88999876 -19.64000136 0 P 0
L 1.24999496 -8.81674132 1.44999456 -8.81674132 0 P 0
L 1.24999496 -10.7167426 1.44999456 -10.7167426 0 P 0
L 1.33999986 -17.65000026 1.33999986 -16.55000246 0 P 0
L 1.33999986 -20.19000026 1.33999986 -19.09000246 0 P 0
L 1.34999476 -8.91674112 1.34999476 -8.71674152 0 P 0
L 1.34999476 -10.8167424 1.34999476 -10.6167428 0 P 0
L 1.59999934 -14.09999466 1.79999894 -14.09999466 0 P 0
L 1.69999914 -14.19999446 1.69999914 -13.99999486 0 P 0
L 2.2499955 -8.81674132 2.4499951 -8.81674132 0 P 0
L 2.2499955 -10.7167426 2.4499951 -10.7167426 0 P 0
L 2.3499953 -8.91674112 2.3499953 -8.71674152 0 P 0
L 2.3499953 -10.8167424 2.3499953 -10.6167428 0 P 0
L 2.84999938 -11.59999458 3.04999898 -11.59999458 0 P 0
L 2.84999938 -16.59999474 3.04999898 -16.59999474 0 P 0
L 2.84999938 18.40000638 3.04999898 18.40000638 0 P 0
L 2.94999918 -11.69999438 2.94999918 -11.49999478 0 P 0
L 2.94999918 -16.69999454 2.94999918 -16.49999494 0 P 0
L 2.94999918 18.30000658 2.94999918 18.50000618 0 P 0
L 3.24999604 -8.81674132 3.44999564 -8.81674132 0 P 0
L 3.24999604 -10.7167426 3.44999564 -10.7167426 0 P 0
L 3.34999584 -8.91674112 3.34999584 -8.71674152 0 P 0
L 3.34999584 -10.8167424 3.34999584 -10.6167428 0 P 0
L 4.09999942 -14.09999466 4.29999902 -14.09999466 0 P 0
L 4.09999942 -19.09999482 4.29999902 -19.09999482 0 P 0
L 4.19999922 -14.19999446 4.19999922 -13.99999486 0 P 0
L 4.19999922 -19.19999462 4.19999922 -18.99999502 0 P 0
L 4.24999658 -8.81674132 4.44999618 -8.81674132 0 P 0
L 4.24999658 -10.7167426 4.44999618 -10.7167426 0 P 0
L 4.34999638 -8.91674112 4.34999638 -8.71674152 0 P 0
L 4.34999638 -10.8167424 4.34999638 -10.6167428 0 P 0
L 5.24999712 -8.81674132 5.44999672 -8.81674132 0 P 0
L 5.24999712 -10.7167426 5.44999672 -10.7167426 0 P 0
L 5.34999692 -8.91674112 5.34999692 -8.71674152 0 P 0
L 5.34999692 -10.8167424 5.34999692 -10.6167428 0 P 0
L 5.34999946 -11.59999458 5.54999906 -11.59999458 0 P 0
L 5.34999946 18.40000638 5.54999906 18.40000638 0 P 0
L 5.44999926 -11.69999438 5.44999926 -11.49999478 0 P 0
L 5.44999926 18.30000658 5.44999926 18.50000618 0 P 0
L 5.49999916 0.90000074 5.69999876 0.90000074 0 P 0
L 5.59999896 0.80000094 5.59999896 1.00000054 0 P 0
L 5.64999886 -17.10000136 6.74999666 -17.10000136 0 P 0
L 5.64999886 -19.64000136 6.74999666 -19.64000136 0 P 0
L 5.94999826 -2.00000108 6.24999766 -2.00000108 0 P 0
L 6.09999796 -2.15000078 6.09999796 -1.85000138 0 P 0
L 6.19999776 -17.65000026 6.19999776 -16.55000246 0 P 0
L 6.19999776 -20.19000026 6.19999776 -19.09000246 0 P 0
L 6.24999766 -8.81674132 6.44999726 -8.81674132 0 P 0
L 6.24999766 -10.7167426 6.44999726 -10.7167426 0 P 0
L 6.34999746 -8.91674112 6.34999746 -8.71674152 0 P 0
L 6.34999746 -10.8167424 6.34999746 -10.6167428 0 P 0
L 6.59999696 -4.90000036 6.79999656 -4.90000036 0 P 0
L 6.59999696 -5.8000011 6.79999656 -5.8000011 0 P 0
L 6.5999995 -4.09999434 6.7999991 -4.09999434 0 P 0
L 6.5999995 -14.09999466 6.7999991 -14.09999466 0 P 0
L 6.69999676 -5.00000016 6.69999676 -4.80000056 0 P 0
L 6.69999676 -5.9000009 6.69999676 -5.7000013 0 P 0
L 6.6999993 -4.19999414 6.6999993 -3.99999454 0 P 0
L 6.6999993 -14.19999446 6.6999993 -13.99999486 0 P 0
L 7.10000104 1.00000054 7.30000064 1.00000054 0 P 0
L 7.20000084 0.90000074 7.20000084 1.10000034 0 P 0
L 7.20000084 1.89999874 7.40000044 1.89999874 0 P 0
L 7.2499982 -8.81674132 7.4499978 -8.81674132 0 P 0
L 7.2499982 -10.7167426 7.4499978 -10.7167426 0 P 0
L 7.30000064 1.79999894 7.30000064 1.99999854 0 P 0
L 7.349998 -8.91674112 7.349998 -8.71674152 0 P 0
L 7.349998 -10.8167424 7.349998 -10.6167428 0 P 0
L 7.84999954 -11.59999458 8.04999914 -11.59999458 0 P 0
L 7.84999954 18.40000638 8.04999914 18.40000638 0 P 0
L 7.94999934 -11.69999438 7.94999934 -11.49999478 0 P 0
L 7.94999934 18.30000658 7.94999934 18.50000618 0 P 0
L 8.18999886 -17.10000136 9.28999666 -17.10000136 0 P 0
L 8.18999886 -19.64000136 9.28999666 -19.64000136 0 P 0
L 8.24999874 -8.81674132 8.44999834 -8.81674132 0 P 0
L 8.24999874 -10.7167426 8.44999834 -10.7167426 0 P 0
L 8.34999854 -8.91674112 8.34999854 -8.71674152 0 P 0
L 8.34999854 -10.8167424 8.34999854 -10.6167428 0 P 0
L 8.60000058 1.10000034 8.80000018 1.10000034 0 P 0
L 8.70000038 1.00000054 8.70000038 1.20000014 0 P 0
L 8.73999776 -17.65000026 8.73999776 -16.55000246 0 P 0
L 8.73999776 -20.19000026 8.73999776 -19.09000246 0 P 0
L 9.09999958 -14.09999466 9.29999918 -14.09999466 0 P 0
L 9.19999938 -14.19999446 9.19999938 -13.99999486 0 P 0
L 9.24999928 -8.81674132 9.44999888 -8.81674132 0 P 0
L 9.24999928 -10.7167426 9.44999888 -10.7167426 0 P 0
L 9.34999908 -8.91674112 9.34999908 -8.71674152 0 P 0
L 9.34999908 -10.8167424 9.34999908 -10.6167428 0 P 0
L 9.39999898 1.00000054 9.59999858 1.00000054 0 P 0
L 9.49999878 0.90000074 9.49999878 1.10000034 0 P 0
L 10.14999748 0.8999982 10.44999688 0.8999982 0 P 0
L 10.24999982 -8.81674132 10.44999942 -8.81674132 0 P 0
L 10.29999718 0.7499985 10.29999718 1.0499979 0 P 0
L 10.34999962 -8.91674112 10.34999962 -8.71674152 0 P 0
L 10.34999962 18.40000638 10.54999922 18.40000638 0 P 0
L 10.44999942 18.30000658 10.44999942 18.50000618 0 P 0
L 10.6000042 -10.95000096 10.8000038 -10.95000096 0 P 0
L 10.6000042 -11.9500015 10.8000038 -11.9500015 0 P 0
L 10.6000042 -12.95000204 10.8000038 -12.95000204 0 P 0
L 10.6000042 -13.95000258 10.8000038 -13.95000258 0 P 0
L 10.6000042 -14.95000312 10.8000038 -14.95000312 0 P 0
L 10.700004 -11.05000076 10.700004 -10.85000116 0 P 0
L 10.700004 -12.0500013 10.700004 -11.8500017 0 P 0
L 10.700004 -13.05000184 10.700004 -12.85000224 0 P 0
L 10.700004 -14.05000238 10.700004 -13.85000278 0 P 0
L 10.700004 -15.05000292 10.700004 -14.85000332 0 P 0
L 11.25000036 -8.81674132 11.44999996 -8.81674132 0 P 0
L 11.35000016 -8.91674112 11.35000016 -8.71674152 0 P 0
L 11.59999966 -4.09999434 11.79999926 -4.09999434 0 P 0
L 11.69999946 -4.19999414 11.69999946 -3.99999454 0 P 0
L 12.2500009 -8.81674132 12.4500005 -8.81674132 0 P 0
L 12.3500007 -8.91674112 12.3500007 -8.71674152 0 P 0
L 12.49999532 -10.95000096 12.69999492 -10.95000096 0 P 0
L 12.49999532 -11.9500015 12.69999492 -11.9500015 0 P 0
L 12.49999532 -12.95000204 12.69999492 -12.95000204 0 P 0
L 12.49999532 -13.95000258 12.69999492 -13.95000258 0 P 0
L 12.49999532 -14.95000312 12.69999492 -14.95000312 0 P 0
L 12.59999512 -11.05000076 12.59999512 -10.85000116 0 P 0
L 12.59999512 -12.0500013 12.59999512 -11.8500017 0 P 0
L 12.59999512 -13.05000184 12.59999512 -12.85000224 0 P 0
L 12.59999512 -14.05000238 12.59999512 -13.85000278 0 P 0
L 12.59999512 -15.05000292 12.59999512 -14.85000332 0 P 0
L 12.8499997 3.4000059 13.0499993 3.4000059 0 P 0
L 12.8499997 8.40000606 13.0499993 8.40000606 0 P 0
L 12.8499997 18.40000638 13.0499993 18.40000638 0 P 0
L 12.9499995 3.3000061 12.9499995 3.5000057 0 P 0
L 12.9499995 8.30000626 12.9499995 8.50000586 0 P 0
L 12.9499995 18.30000658 12.9499995 18.50000618 0 P 0
L 13.199999 -10.10000012 13.3999986 -10.10000012 0 P 0
L 13.199999 -11.10000066 13.3999986 -11.10000066 0 P 0
L 13.199999 -12.1000012 13.3999986 -12.1000012 0 P 0
L 13.199999 -13.10000174 13.3999986 -13.10000174 0 P 0
L 13.199999 -14.10000228 13.3999986 -14.10000228 0 P 0
L 13.199999 -15.10000282 13.3999986 -15.10000282 0 P 0
L 13.199999 -16.10000336 13.3999986 -16.10000336 0 P 0
L 13.199999 -17.1000039 13.3999986 -17.1000039 0 P 0
L 13.199999 -18.10000444 13.3999986 -18.10000444 0 P 0
L 13.199999 -19.10000498 13.3999986 -19.10000498 0 P 0
L 13.2999988 -10.19999992 13.2999988 -10.00000032 0 P 0
L 13.2999988 -11.20000046 13.2999988 -11.00000086 0 P 0
L 13.2999988 -12.200001 13.2999988 -12.0000014 0 P 0
L 13.2999988 -13.20000154 13.2999988 -13.00000194 0 P 0
L 13.2999988 -14.20000208 13.2999988 -14.00000248 0 P 0
L 13.2999988 -15.20000262 13.2999988 -15.00000302 0 P 0
L 13.2999988 -16.20000316 13.2999988 -16.00000356 0 P 0
L 13.2999988 -17.2000037 13.2999988 -17.0000041 0 P 0
L 13.2999988 -18.20000424 13.2999988 -18.00000464 0 P 0
L 13.2999988 -19.20000478 13.2999988 -19.00000518 0 P 0
L 14.09999974 5.90000598 14.29999934 5.90000598 0 P 0
L 14.19999954 5.80000618 14.19999954 6.00000578 0 P 0
L 14.25645612 -5.90592418 14.55645552 -5.90592418 0 P 0
L 14.40645582 -6.05592388 14.40645582 -5.75592448 0 P 0
L 15.29999988 -10.10000012 15.49999948 -10.10000012 0 P 0
L 15.29999988 -11.10000066 15.49999948 -11.10000066 0 P 0
L 15.29999988 -12.1000012 15.49999948 -12.1000012 0 P 0
L 15.29999988 -13.10000174 15.49999948 -13.10000174 0 P 0
L 15.29999988 -14.10000228 15.49999948 -14.10000228 0 P 0
L 15.29999988 -15.10000282 15.49999948 -15.10000282 0 P 0
L 15.29999988 -16.10000336 15.49999948 -16.10000336 0 P 0
L 15.29999988 -17.1000039 15.49999948 -17.1000039 0 P 0
L 15.29999988 -18.10000444 15.49999948 -18.10000444 0 P 0
L 15.29999988 -19.10000498 15.49999948 -19.10000498 0 P 0
L 15.34999978 3.4000059 15.54999938 3.4000059 0 P 0
L 15.34999978 8.40000606 15.54999938 8.40000606 0 P 0
L 15.34999978 18.40000638 15.54999938 18.40000638 0 P 0
L 15.39999968 -10.19999992 15.39999968 -10.00000032 0 P 0
L 15.39999968 -11.20000046 15.39999968 -11.00000086 0 P 0
L 15.39999968 -12.200001 15.39999968 -12.0000014 0 P 0
L 15.39999968 -13.20000154 15.39999968 -13.00000194 0 P 0
L 15.39999968 -14.20000208 15.39999968 -14.00000248 0 P 0
L 15.39999968 -15.20000262 15.39999968 -15.00000302 0 P 0
L 15.39999968 -16.20000316 15.39999968 -16.00000356 0 P 0
L 15.39999968 -17.2000037 15.39999968 -17.0000041 0 P 0
L 15.39999968 -18.20000424 15.39999968 -18.00000464 0 P 0
L 15.39999968 -19.20000478 15.39999968 -19.00000518 0 P 0
L 15.44999958 3.3000061 15.44999958 3.5000057 0 P 0
L 15.44999958 8.30000626 15.44999958 8.50000586 0 P 0
L 15.44999958 18.30000658 15.44999958 18.50000618 0 P 0
L 16.59999982 -4.09999434 16.79999942 -4.09999434 0 P 0
L 16.59999982 -9.0999945 16.79999942 -9.0999945 0 P 0
L 16.59999982 -14.09999466 16.79999942 -14.09999466 0 P 0
L 16.59999982 0.90000582 16.79999942 0.90000582 0 P 0
L 16.59999982 5.90000598 16.79999942 5.90000598 0 P 0
L 16.69999962 -4.19999414 16.69999962 -3.99999454 0 P 0
L 16.69999962 -9.1999943 16.69999962 -8.9999947 0 P 0
L 16.69999962 -14.19999446 16.69999962 -13.99999486 0 P 0
L 16.69999962 0.80000602 16.69999962 1.00000562 0 P 0
L 16.69999962 5.80000618 16.69999962 6.00000578 0 P 0
